// Magma CODE FOR SEARCH RESULTS

// The results are stored in a list of records called 'data'

RecFormat:=recformat<group,gp_id, signature,gen_vectors,conj_classes,genus,dimension,r,g0, passport_label,gen_vect_label, is_hyperelliptic, hyp_involution, is_cyclic_trigonal,cyc_auto,full_auto, full_sign,topological_class,braid_class>;

data:=[];

// label = 10.42-6.0.2-21-42
// Create group as a permutation group and initialize signature information.
gp_id:=[42,6];
H:=SmallGroup(gp_id[1],gp_id[2]); n:=#H; LP:=[]; LG:=[g : g in H]; for i in [1..n] do x:=LG[i]; Tx:=[LG[j]*x : j in [1..n]]; permL:=[]; for j in [1..n] do for k in [1..n] do if Tx[j] eq LG[k] then permL[j]:=k;  break; end if; end for; end for; Append(~LP,permL); end for; G:=PermutationGroup<n|LP>; 
signature:=[0,2,21,42];
genus:=10;
r:=#signature-1;
g0:=signature[1];
dim:=3*g0-3+r;
S:=Sym(gp_id[1]);

// Here we add an action to data.
gen_vectors:=[[22, 23, 24, 25, 26, 27, 28, 29, 30, 31, 32, 33, 34, 35, 36, 37, 38, 39, 40, 41, 42, 1, 2, 3, 4, 5, 6, 7, 8, 9, 10, 11, 12, 13, 14, 15, 16, 17, 18, 19, 20, 21], [9, 10, 11, 12, 13, 14, 8, 16, 17, 18, 19, 20, 21, 15, 2, 3, 4, 5, 6, 7, 1, 30, 31, 32, 33, 34, 35, 29, 37, 38, 39, 40, 41, 42, 36, 23, 24, 25, 26, 27, 28, 22], [42, 36, 37, 38, 39, 40, 41, 28, 22, 23, 24, 25, 26, 27, 35, 29, 30, 31, 32, 33, 34, 21, 15, 16, 17, 18, 19, 20, 7, 1, 2, 3, 4, 5, 6, 14, 8, 9, 10, 11, 12, 13]];
cc:=[2,19,42];
gen_vectors_as_perm:=[S!perm : perm in gen_vectors];
passport_label:=1;
gen_vect_label:=1;
is_hyperelliptic:=true;
hyp_involution:=S![22, 23, 24, 25, 26, 27, 28, 29, 30, 31, 32, 33, 34, 35, 36, 37, 38, 39, 40, 41, 42, 1, 2, 3, 4, 5, 6, 7, 8, 9, 10, 11, 12, 13, 14, 15, 16, 17, 18, 19, 20, 21];
is_cyclic_trigonal:=false;
Append(~data, rec<RecFormat | group:=G, gp_id:=gp_id, signature:=signature, gen_vectors:=gen_vectors_as_perm, conj_classes:=cc, genus:=genus, dimension:=dim, r:=r, g0:=g0, passport_label:= passport_label,gen_vect_label:=gen_vect_label, is_hyperelliptic:=is_hyperelliptic, hyp_involution:=hyp_involution,is_cyclic_trigonal:=is_cyclic_trigonal >);

// Here we add an action to data.
gen_vectors:=[[22, 23, 24, 25, 26, 27, 28, 29, 30, 31, 32, 33, 34, 35, 36, 37, 38, 39, 40, 41, 42, 1, 2, 3, 4, 5, 6, 7, 8, 9, 10, 11, 12, 13, 14, 15, 16, 17, 18, 19, 20, 21], [17, 18, 19, 20, 21, 15, 16, 3, 4, 5, 6, 7, 1, 2, 10, 11, 12, 13, 14, 8, 9, 38, 39, 40, 41, 42, 36, 37, 24, 25, 26, 27, 28, 22, 23, 31, 32, 33, 34, 35, 29, 30], [34, 35, 29, 30, 31, 32, 33, 41, 42, 36, 37, 38, 39, 40, 27, 28, 22, 23, 24, 25, 26, 13, 14, 8, 9, 10, 11, 12, 20, 21, 15, 16, 17, 18, 19, 6, 7, 1, 2, 3, 4, 5]];
cc:=[2,20,36];
gen_vectors_as_perm:=[S!perm : perm in gen_vectors];
passport_label:=2;
gen_vect_label:=1;
is_hyperelliptic:=true;
hyp_involution:=S![22, 23, 24, 25, 26, 27, 28, 29, 30, 31, 32, 33, 34, 35, 36, 37, 38, 39, 40, 41, 42, 1, 2, 3, 4, 5, 6, 7, 8, 9, 10, 11, 12, 13, 14, 15, 16, 17, 18, 19, 20, 21];
is_cyclic_trigonal:=false;
Append(~data, rec<RecFormat | group:=G, gp_id:=gp_id, signature:=signature, gen_vectors:=gen_vectors_as_perm, conj_classes:=cc, genus:=genus, dimension:=dim, r:=r, g0:=g0, passport_label:= passport_label,gen_vect_label:=gen_vect_label, is_hyperelliptic:=is_hyperelliptic, hyp_involution:=hyp_involution,is_cyclic_trigonal:=is_cyclic_trigonal >);

// Here we add an action to data.
gen_vectors:=[[22, 23, 24, 25, 26, 27, 28, 29, 30, 31, 32, 33, 34, 35, 36, 37, 38, 39, 40, 41, 42, 1, 2, 3, 4, 5, 6, 7, 8, 9, 10, 11, 12, 13, 14, 15, 16, 17, 18, 19, 20, 21], [12, 13, 14, 8, 9, 10, 11, 19, 20, 21, 15, 16, 17, 18, 5, 6, 7, 1, 2, 3, 4, 33, 34, 35, 29, 30, 31, 32, 40, 41, 42, 36, 37, 38, 39, 26, 27, 28, 22, 23, 24, 25], [39, 40, 41, 42, 36, 37, 38, 25, 26, 27, 28, 22, 23, 24, 32, 33, 34, 35, 29, 30, 31, 18, 19, 20, 21, 15, 16, 17, 4, 5, 6, 7, 1, 2, 3, 11, 12, 13, 14, 8, 9, 10]];
cc:=[2,21,35];
gen_vectors_as_perm:=[S!perm : perm in gen_vectors];
passport_label:=3;
gen_vect_label:=1;
is_hyperelliptic:=true;
hyp_involution:=S![22, 23, 24, 25, 26, 27, 28, 29, 30, 31, 32, 33, 34, 35, 36, 37, 38, 39, 40, 41, 42, 1, 2, 3, 4, 5, 6, 7, 8, 9, 10, 11, 12, 13, 14, 15, 16, 17, 18, 19, 20, 21];
is_cyclic_trigonal:=false;
Append(~data, rec<RecFormat | group:=G, gp_id:=gp_id, signature:=signature, gen_vectors:=gen_vectors_as_perm, conj_classes:=cc, genus:=genus, dimension:=dim, r:=r, g0:=g0, passport_label:= passport_label,gen_vect_label:=gen_vect_label, is_hyperelliptic:=is_hyperelliptic, hyp_involution:=hyp_involution,is_cyclic_trigonal:=is_cyclic_trigonal >);

// Here we add an action to data.
gen_vectors:=[[22, 23, 24, 25, 26, 27, 28, 29, 30, 31, 32, 33, 34, 35, 36, 37, 38, 39, 40, 41, 42, 1, 2, 3, 4, 5, 6, 7, 8, 9, 10, 11, 12, 13, 14, 15, 16, 17, 18, 19, 20, 21], [20, 21, 15, 16, 17, 18, 19, 6, 7, 1, 2, 3, 4, 5, 13, 14, 8, 9, 10, 11, 12, 41, 42, 36, 37, 38, 39, 40, 27, 28, 22, 23, 24, 25, 26, 34, 35, 29, 30, 31, 32, 33], [31, 32, 33, 34, 35, 29, 30, 38, 39, 40, 41, 42, 36, 37, 24, 25, 26, 27, 28, 22, 23, 10, 11, 12, 13, 14, 8, 9, 17, 18, 19, 20, 21, 15, 16, 3, 4, 5, 6, 7, 1, 2]];
cc:=[2,22,41];
gen_vectors_as_perm:=[S!perm : perm in gen_vectors];
passport_label:=4;
gen_vect_label:=1;
is_hyperelliptic:=true;
hyp_involution:=S![22, 23, 24, 25, 26, 27, 28, 29, 30, 31, 32, 33, 34, 35, 36, 37, 38, 39, 40, 41, 42, 1, 2, 3, 4, 5, 6, 7, 8, 9, 10, 11, 12, 13, 14, 15, 16, 17, 18, 19, 20, 21];
is_cyclic_trigonal:=false;
Append(~data, rec<RecFormat | group:=G, gp_id:=gp_id, signature:=signature, gen_vectors:=gen_vectors_as_perm, conj_classes:=cc, genus:=genus, dimension:=dim, r:=r, g0:=g0, passport_label:= passport_label,gen_vect_label:=gen_vect_label, is_hyperelliptic:=is_hyperelliptic, hyp_involution:=hyp_involution,is_cyclic_trigonal:=is_cyclic_trigonal >);

// Here we add an action to data.
gen_vectors:=[[22, 23, 24, 25, 26, 27, 28, 29, 30, 31, 32, 33, 34, 35, 36, 37, 38, 39, 40, 41, 42, 1, 2, 3, 4, 5, 6, 7, 8, 9, 10, 11, 12, 13, 14, 15, 16, 17, 18, 19, 20, 21], [16, 17, 18, 19, 20, 21, 15, 2, 3, 4, 5, 6, 7, 1, 9, 10, 11, 12, 13, 14, 8, 37, 38, 39, 40, 41, 42, 36, 23, 24, 25, 26, 27, 28, 22, 30, 31, 32, 33, 34, 35, 29], [35, 29, 30, 31, 32, 33, 34, 42, 36, 37, 38, 39, 40, 41, 28, 22, 23, 24, 25, 26, 27, 14, 8, 9, 10, 11, 12, 13, 21, 15, 16, 17, 18, 19, 20, 7, 1, 2, 3, 4, 5, 6]];
cc:=[2,23,34];
gen_vectors_as_perm:=[S!perm : perm in gen_vectors];
passport_label:=5;
gen_vect_label:=1;
is_hyperelliptic:=true;
hyp_involution:=S![22, 23, 24, 25, 26, 27, 28, 29, 30, 31, 32, 33, 34, 35, 36, 37, 38, 39, 40, 41, 42, 1, 2, 3, 4, 5, 6, 7, 8, 9, 10, 11, 12, 13, 14, 15, 16, 17, 18, 19, 20, 21];
is_cyclic_trigonal:=false;
Append(~data, rec<RecFormat | group:=G, gp_id:=gp_id, signature:=signature, gen_vectors:=gen_vectors_as_perm, conj_classes:=cc, genus:=genus, dimension:=dim, r:=r, g0:=g0, passport_label:= passport_label,gen_vect_label:=gen_vect_label, is_hyperelliptic:=is_hyperelliptic, hyp_involution:=hyp_involution,is_cyclic_trigonal:=is_cyclic_trigonal >);

// Here we add an action to data.
gen_vectors:=[[22, 23, 24, 25, 26, 27, 28, 29, 30, 31, 32, 33, 34, 35, 36, 37, 38, 39, 40, 41, 42, 1, 2, 3, 4, 5, 6, 7, 8, 9, 10, 11, 12, 13, 14, 15, 16, 17, 18, 19, 20, 21], [11, 12, 13, 14, 8, 9, 10, 18, 19, 20, 21, 15, 16, 17, 4, 5, 6, 7, 1, 2, 3, 32, 33, 34, 35, 29, 30, 31, 39, 40, 41, 42, 36, 37, 38, 25, 26, 27, 28, 22, 23, 24], [40, 41, 42, 36, 37, 38, 39, 26, 27, 28, 22, 23, 24, 25, 33, 34, 35, 29, 30, 31, 32, 19, 20, 21, 15, 16, 17, 18, 5, 6, 7, 1, 2, 3, 4, 12, 13, 14, 8, 9, 10, 11]];
cc:=[2,24,33];
gen_vectors_as_perm:=[S!perm : perm in gen_vectors];
passport_label:=6;
gen_vect_label:=1;
is_hyperelliptic:=true;
hyp_involution:=S![22, 23, 24, 25, 26, 27, 28, 29, 30, 31, 32, 33, 34, 35, 36, 37, 38, 39, 40, 41, 42, 1, 2, 3, 4, 5, 6, 7, 8, 9, 10, 11, 12, 13, 14, 15, 16, 17, 18, 19, 20, 21];
is_cyclic_trigonal:=false;
Append(~data, rec<RecFormat | group:=G, gp_id:=gp_id, signature:=signature, gen_vectors:=gen_vectors_as_perm, conj_classes:=cc, genus:=genus, dimension:=dim, r:=r, g0:=g0, passport_label:= passport_label,gen_vect_label:=gen_vect_label, is_hyperelliptic:=is_hyperelliptic, hyp_involution:=hyp_involution,is_cyclic_trigonal:=is_cyclic_trigonal >);

// Here we add an action to data.
gen_vectors:=[[22, 23, 24, 25, 26, 27, 28, 29, 30, 31, 32, 33, 34, 35, 36, 37, 38, 39, 40, 41, 42, 1, 2, 3, 4, 5, 6, 7, 8, 9, 10, 11, 12, 13, 14, 15, 16, 17, 18, 19, 20, 21], [19, 20, 21, 15, 16, 17, 18, 5, 6, 7, 1, 2, 3, 4, 12, 13, 14, 8, 9, 10, 11, 40, 41, 42, 36, 37, 38, 39, 26, 27, 28, 22, 23, 24, 25, 33, 34, 35, 29, 30, 31, 32], [32, 33, 34, 35, 29, 30, 31, 39, 40, 41, 42, 36, 37, 38, 25, 26, 27, 28, 22, 23, 24, 11, 12, 13, 14, 8, 9, 10, 18, 19, 20, 21, 15, 16, 17, 4, 5, 6, 7, 1, 2, 3]];
cc:=[2,25,40];
gen_vectors_as_perm:=[S!perm : perm in gen_vectors];
passport_label:=7;
gen_vect_label:=1;
is_hyperelliptic:=true;
hyp_involution:=S![22, 23, 24, 25, 26, 27, 28, 29, 30, 31, 32, 33, 34, 35, 36, 37, 38, 39, 40, 41, 42, 1, 2, 3, 4, 5, 6, 7, 8, 9, 10, 11, 12, 13, 14, 15, 16, 17, 18, 19, 20, 21];
is_cyclic_trigonal:=false;
Append(~data, rec<RecFormat | group:=G, gp_id:=gp_id, signature:=signature, gen_vectors:=gen_vectors_as_perm, conj_classes:=cc, genus:=genus, dimension:=dim, r:=r, g0:=g0, passport_label:= passport_label,gen_vect_label:=gen_vect_label, is_hyperelliptic:=is_hyperelliptic, hyp_involution:=hyp_involution,is_cyclic_trigonal:=is_cyclic_trigonal >);

// Here we add an action to data.
gen_vectors:=[[22, 23, 24, 25, 26, 27, 28, 29, 30, 31, 32, 33, 34, 35, 36, 37, 38, 39, 40, 41, 42, 1, 2, 3, 4, 5, 6, 7, 8, 9, 10, 11, 12, 13, 14, 15, 16, 17, 18, 19, 20, 21], [14, 8, 9, 10, 11, 12, 13, 21, 15, 16, 17, 18, 19, 20, 7, 1, 2, 3, 4, 5, 6, 35, 29, 30, 31, 32, 33, 34, 42, 36, 37, 38, 39, 40, 41, 28, 22, 23, 24, 25, 26, 27], [37, 38, 39, 40, 41, 42, 36, 23, 24, 25, 26, 27, 28, 22, 30, 31, 32, 33, 34, 35, 29, 16, 17, 18, 19, 20, 21, 15, 2, 3, 4, 5, 6, 7, 1, 9, 10, 11, 12, 13, 14, 8]];
cc:=[2,26,39];
gen_vectors_as_perm:=[S!perm : perm in gen_vectors];
passport_label:=8;
gen_vect_label:=1;
is_hyperelliptic:=true;
hyp_involution:=S![22, 23, 24, 25, 26, 27, 28, 29, 30, 31, 32, 33, 34, 35, 36, 37, 38, 39, 40, 41, 42, 1, 2, 3, 4, 5, 6, 7, 8, 9, 10, 11, 12, 13, 14, 15, 16, 17, 18, 19, 20, 21];
is_cyclic_trigonal:=false;
Append(~data, rec<RecFormat | group:=G, gp_id:=gp_id, signature:=signature, gen_vectors:=gen_vectors_as_perm, conj_classes:=cc, genus:=genus, dimension:=dim, r:=r, g0:=g0, passport_label:= passport_label,gen_vect_label:=gen_vect_label, is_hyperelliptic:=is_hyperelliptic, hyp_involution:=hyp_involution,is_cyclic_trigonal:=is_cyclic_trigonal >);

// Here we add an action to data.
gen_vectors:=[[22, 23, 24, 25, 26, 27, 28, 29, 30, 31, 32, 33, 34, 35, 36, 37, 38, 39, 40, 41, 42, 1, 2, 3, 4, 5, 6, 7, 8, 9, 10, 11, 12, 13, 14, 15, 16, 17, 18, 19, 20, 21], [10, 11, 12, 13, 14, 8, 9, 17, 18, 19, 20, 21, 15, 16, 3, 4, 5, 6, 7, 1, 2, 31, 32, 33, 34, 35, 29, 30, 38, 39, 40, 41, 42, 36, 37, 24, 25, 26, 27, 28, 22, 23], [41, 42, 36, 37, 38, 39, 40, 27, 28, 22, 23, 24, 25, 26, 34, 35, 29, 30, 31, 32, 33, 20, 21, 15, 16, 17, 18, 19, 6, 7, 1, 2, 3, 4, 5, 13, 14, 8, 9, 10, 11, 12]];
cc:=[2,27,32];
gen_vectors_as_perm:=[S!perm : perm in gen_vectors];
passport_label:=9;
gen_vect_label:=1;
is_hyperelliptic:=true;
hyp_involution:=S![22, 23, 24, 25, 26, 27, 28, 29, 30, 31, 32, 33, 34, 35, 36, 37, 38, 39, 40, 41, 42, 1, 2, 3, 4, 5, 6, 7, 8, 9, 10, 11, 12, 13, 14, 15, 16, 17, 18, 19, 20, 21];
is_cyclic_trigonal:=false;
Append(~data, rec<RecFormat | group:=G, gp_id:=gp_id, signature:=signature, gen_vectors:=gen_vectors_as_perm, conj_classes:=cc, genus:=genus, dimension:=dim, r:=r, g0:=g0, passport_label:= passport_label,gen_vect_label:=gen_vect_label, is_hyperelliptic:=is_hyperelliptic, hyp_involution:=hyp_involution,is_cyclic_trigonal:=is_cyclic_trigonal >);

// Here we add an action to data.
gen_vectors:=[[22, 23, 24, 25, 26, 27, 28, 29, 30, 31, 32, 33, 34, 35, 36, 37, 38, 39, 40, 41, 42, 1, 2, 3, 4, 5, 6, 7, 8, 9, 10, 11, 12, 13, 14, 15, 16, 17, 18, 19, 20, 21], [18, 19, 20, 21, 15, 16, 17, 4, 5, 6, 7, 1, 2, 3, 11, 12, 13, 14, 8, 9, 10, 39, 40, 41, 42, 36, 37, 38, 25, 26, 27, 28, 22, 23, 24, 32, 33, 34, 35, 29, 30, 31], [33, 34, 35, 29, 30, 31, 32, 40, 41, 42, 36, 37, 38, 39, 26, 27, 28, 22, 23, 24, 25, 12, 13, 14, 8, 9, 10, 11, 19, 20, 21, 15, 16, 17, 18, 5, 6, 7, 1, 2, 3, 4]];
cc:=[2,28,38];
gen_vectors_as_perm:=[S!perm : perm in gen_vectors];
passport_label:=10;
gen_vect_label:=1;
is_hyperelliptic:=true;
hyp_involution:=S![22, 23, 24, 25, 26, 27, 28, 29, 30, 31, 32, 33, 34, 35, 36, 37, 38, 39, 40, 41, 42, 1, 2, 3, 4, 5, 6, 7, 8, 9, 10, 11, 12, 13, 14, 15, 16, 17, 18, 19, 20, 21];
is_cyclic_trigonal:=false;
Append(~data, rec<RecFormat | group:=G, gp_id:=gp_id, signature:=signature, gen_vectors:=gen_vectors_as_perm, conj_classes:=cc, genus:=genus, dimension:=dim, r:=r, g0:=g0, passport_label:= passport_label,gen_vect_label:=gen_vect_label, is_hyperelliptic:=is_hyperelliptic, hyp_involution:=hyp_involution,is_cyclic_trigonal:=is_cyclic_trigonal >);

// Here we add an action to data.
gen_vectors:=[[22, 23, 24, 25, 26, 27, 28, 29, 30, 31, 32, 33, 34, 35, 36, 37, 38, 39, 40, 41, 42, 1, 2, 3, 4, 5, 6, 7, 8, 9, 10, 11, 12, 13, 14, 15, 16, 17, 18, 19, 20, 21], [13, 14, 8, 9, 10, 11, 12, 20, 21, 15, 16, 17, 18, 19, 6, 7, 1, 2, 3, 4, 5, 34, 35, 29, 30, 31, 32, 33, 41, 42, 36, 37, 38, 39, 40, 27, 28, 22, 23, 24, 25, 26], [38, 39, 40, 41, 42, 36, 37, 24, 25, 26, 27, 28, 22, 23, 31, 32, 33, 34, 35, 29, 30, 17, 18, 19, 20, 21, 15, 16, 3, 4, 5, 6, 7, 1, 2, 10, 11, 12, 13, 14, 8, 9]];
cc:=[2,29,37];
gen_vectors_as_perm:=[S!perm : perm in gen_vectors];
passport_label:=11;
gen_vect_label:=1;
is_hyperelliptic:=true;
hyp_involution:=S![22, 23, 24, 25, 26, 27, 28, 29, 30, 31, 32, 33, 34, 35, 36, 37, 38, 39, 40, 41, 42, 1, 2, 3, 4, 5, 6, 7, 8, 9, 10, 11, 12, 13, 14, 15, 16, 17, 18, 19, 20, 21];
is_cyclic_trigonal:=false;
Append(~data, rec<RecFormat | group:=G, gp_id:=gp_id, signature:=signature, gen_vectors:=gen_vectors_as_perm, conj_classes:=cc, genus:=genus, dimension:=dim, r:=r, g0:=g0, passport_label:= passport_label,gen_vect_label:=gen_vect_label, is_hyperelliptic:=is_hyperelliptic, hyp_involution:=hyp_involution,is_cyclic_trigonal:=is_cyclic_trigonal >);

// Here we add an action to data.
gen_vectors:=[[22, 23, 24, 25, 26, 27, 28, 29, 30, 31, 32, 33, 34, 35, 36, 37, 38, 39, 40, 41, 42, 1, 2, 3, 4, 5, 6, 7, 8, 9, 10, 11, 12, 13, 14, 15, 16, 17, 18, 19, 20, 21], [21, 15, 16, 17, 18, 19, 20, 7, 1, 2, 3, 4, 5, 6, 14, 8, 9, 10, 11, 12, 13, 42, 36, 37, 38, 39, 40, 41, 28, 22, 23, 24, 25, 26, 27, 35, 29, 30, 31, 32, 33, 34], [30, 31, 32, 33, 34, 35, 29, 37, 38, 39, 40, 41, 42, 36, 23, 24, 25, 26, 27, 28, 22, 9, 10, 11, 12, 13, 14, 8, 16, 17, 18, 19, 20, 21, 15, 2, 3, 4, 5, 6, 7, 1]];
cc:=[2,30,31];
gen_vectors_as_perm:=[S!perm : perm in gen_vectors];
passport_label:=12;
gen_vect_label:=1;
is_hyperelliptic:=true;
hyp_involution:=S![22, 23, 24, 25, 26, 27, 28, 29, 30, 31, 32, 33, 34, 35, 36, 37, 38, 39, 40, 41, 42, 1, 2, 3, 4, 5, 6, 7, 8, 9, 10, 11, 12, 13, 14, 15, 16, 17, 18, 19, 20, 21];
is_cyclic_trigonal:=false;
Append(~data, rec<RecFormat | group:=G, gp_id:=gp_id, signature:=signature, gen_vectors:=gen_vectors_as_perm, conj_classes:=cc, genus:=genus, dimension:=dim, r:=r, g0:=g0, passport_label:= passport_label,gen_vect_label:=gen_vect_label, is_hyperelliptic:=is_hyperelliptic, hyp_involution:=hyp_involution,is_cyclic_trigonal:=is_cyclic_trigonal >);

// label = 10.63-3.0.3-3-21
// Create group as a permutation group and initialize signature information.
gp_id:=[63,3];
H:=SmallGroup(gp_id[1],gp_id[2]); n:=#H; LP:=[]; LG:=[g : g in H]; for i in [1..n] do x:=LG[i]; Tx:=[LG[j]*x : j in [1..n]]; permL:=[]; for j in [1..n] do for k in [1..n] do if Tx[j] eq LG[k] then permL[j]:=k;  break; end if; end for; end for; Append(~LP,permL); end for; G:=PermutationGroup<n|LP>; 
signature:=[0,3,3,21];
genus:=10;
r:=#signature-1;
g0:=signature[1];
dim:=3*g0-3+r;
S:=Sym(gp_id[1]);

// Here we add an action to data.
gen_vectors:=[[22, 24, 26, 28, 23, 25, 27, 29, 31, 33, 35, 30, 32, 34, 36, 38, 40, 42, 37, 39, 41, 43, 45, 47, 49, 44, 46, 48, 50, 52, 54, 56, 51, 53, 55, 57, 59, 61, 63, 58, 60, 62, 1, 3, 5, 7, 2, 4, 6, 8, 10, 12, 14, 9, 11, 13, 15, 17, 19, 21, 16, 18, 20], [62, 59, 63, 60, 57, 61, 58, 48, 45, 49, 46, 43, 47, 44, 55, 52, 56, 53, 50, 54, 51, 20, 17, 21, 18, 15, 19, 16, 6, 3, 7, 4, 1, 5, 2, 13, 10, 14, 11, 8, 12, 9, 41, 38, 42, 39, 36, 40, 37, 27, 24, 28, 25, 22, 26, 23, 34, 31, 35, 32, 29, 33, 30], [10, 11, 12, 13, 14, 8, 9, 17, 18, 19, 20, 21, 15, 16, 3, 4, 5, 6, 7, 1, 2, 31, 32, 33, 34, 35, 29, 30, 38, 39, 40, 41, 42, 36, 37, 24, 25, 26, 27, 28, 22, 23, 52, 53, 54, 55, 56, 50, 51, 59, 60, 61, 62, 63, 57, 58, 45, 46, 47, 48, 49, 43, 44]];
cc:=[4,7,12];
gen_vectors_as_perm:=[S!perm : perm in gen_vectors];
passport_label:=1;
gen_vect_label:=1;
is_hyperelliptic:=false;
is_cyclic_trigonal:=false;
Append(~data, rec<RecFormat | group:=G, gp_id:=gp_id, signature:=signature, gen_vectors:=gen_vectors_as_perm, conj_classes:=cc, genus:=genus, dimension:=dim, r:=r, g0:=g0, passport_label:= passport_label,gen_vect_label:=gen_vect_label, is_hyperelliptic:=is_hyperelliptic,is_cyclic_trigonal:=is_cyclic_trigonal >);

// Here we add an action to data.
gen_vectors:=[[22, 24, 26, 28, 23, 25, 27, 29, 31, 33, 35, 30, 32, 34, 36, 38, 40, 42, 37, 39, 41, 43, 45, 47, 49, 44, 46, 48, 50, 52, 54, 56, 51, 53, 55, 57, 59, 61, 63, 58, 60, 62, 1, 3, 5, 7, 2, 4, 6, 8, 10, 12, 14, 9, 11, 13, 15, 17, 19, 21, 16, 18, 20], [61, 58, 62, 59, 63, 60, 57, 47, 44, 48, 45, 49, 46, 43, 54, 51, 55, 52, 56, 53, 50, 19, 16, 20, 17, 21, 18, 15, 5, 2, 6, 3, 7, 4, 1, 12, 9, 13, 10, 14, 11, 8, 40, 37, 41, 38, 42, 39, 36, 26, 23, 27, 24, 28, 25, 22, 33, 30, 34, 31, 35, 32, 29], [11, 12, 13, 14, 8, 9, 10, 18, 19, 20, 21, 15, 16, 17, 4, 5, 6, 7, 1, 2, 3, 32, 33, 34, 35, 29, 30, 31, 39, 40, 41, 42, 36, 37, 38, 25, 26, 27, 28, 22, 23, 24, 53, 54, 55, 56, 50, 51, 52, 60, 61, 62, 63, 57, 58, 59, 46, 47, 48, 49, 43, 44, 45]];
cc:=[4,7,15];
gen_vectors_as_perm:=[S!perm : perm in gen_vectors];
passport_label:=2;
gen_vect_label:=1;
is_hyperelliptic:=false;
is_cyclic_trigonal:=false;
Append(~data, rec<RecFormat | group:=G, gp_id:=gp_id, signature:=signature, gen_vectors:=gen_vectors_as_perm, conj_classes:=cc, genus:=genus, dimension:=dim, r:=r, g0:=g0, passport_label:= passport_label,gen_vect_label:=gen_vect_label, is_hyperelliptic:=is_hyperelliptic,is_cyclic_trigonal:=is_cyclic_trigonal >);

// Here we add an action to data.
gen_vectors:=[[22, 24, 26, 28, 23, 25, 27, 29, 31, 33, 35, 30, 32, 34, 36, 38, 40, 42, 37, 39, 41, 43, 45, 47, 49, 44, 46, 48, 50, 52, 54, 56, 51, 53, 55, 57, 59, 61, 63, 58, 60, 62, 1, 3, 5, 7, 2, 4, 6, 8, 10, 12, 14, 9, 11, 13, 15, 17, 19, 21, 16, 18, 20], [55, 52, 56, 53, 50, 54, 51, 62, 59, 63, 60, 57, 61, 58, 48, 45, 49, 46, 43, 47, 44, 13, 10, 14, 11, 8, 12, 9, 20, 17, 21, 18, 15, 19, 16, 6, 3, 7, 4, 1, 5, 2, 34, 31, 35, 32, 29, 33, 30, 41, 38, 42, 39, 36, 40, 37, 27, 24, 28, 25, 22, 26, 23], [17, 18, 19, 20, 21, 15, 16, 3, 4, 5, 6, 7, 1, 2, 10, 11, 12, 13, 14, 8, 9, 38, 39, 40, 41, 42, 36, 37, 24, 25, 26, 27, 28, 22, 23, 31, 32, 33, 34, 35, 29, 30, 59, 60, 61, 62, 63, 57, 58, 45, 46, 47, 48, 49, 43, 44, 52, 53, 54, 55, 56, 50, 51]];
cc:=[4,9,13];
gen_vectors_as_perm:=[S!perm : perm in gen_vectors];
passport_label:=3;
gen_vect_label:=1;
is_hyperelliptic:=false;
is_cyclic_trigonal:=false;
Append(~data, rec<RecFormat | group:=G, gp_id:=gp_id, signature:=signature, gen_vectors:=gen_vectors_as_perm, conj_classes:=cc, genus:=genus, dimension:=dim, r:=r, g0:=g0, passport_label:= passport_label,gen_vect_label:=gen_vect_label, is_hyperelliptic:=is_hyperelliptic,is_cyclic_trigonal:=is_cyclic_trigonal >);

// Here we add an action to data.
gen_vectors:=[[22, 24, 26, 28, 23, 25, 27, 29, 31, 33, 35, 30, 32, 34, 36, 38, 40, 42, 37, 39, 41, 43, 45, 47, 49, 44, 46, 48, 50, 52, 54, 56, 51, 53, 55, 57, 59, 61, 63, 58, 60, 62, 1, 3, 5, 7, 2, 4, 6, 8, 10, 12, 14, 9, 11, 13, 15, 17, 19, 21, 16, 18, 20], [54, 51, 55, 52, 56, 53, 50, 61, 58, 62, 59, 63, 60, 57, 47, 44, 48, 45, 49, 46, 43, 12, 9, 13, 10, 14, 11, 8, 19, 16, 20, 17, 21, 18, 15, 5, 2, 6, 3, 7, 4, 1, 33, 30, 34, 31, 35, 32, 29, 40, 37, 41, 38, 42, 39, 36, 26, 23, 27, 24, 28, 25, 22], [18, 19, 20, 21, 15, 16, 17, 4, 5, 6, 7, 1, 2, 3, 11, 12, 13, 14, 8, 9, 10, 39, 40, 41, 42, 36, 37, 38, 25, 26, 27, 28, 22, 23, 24, 32, 33, 34, 35, 29, 30, 31, 60, 61, 62, 63, 57, 58, 59, 46, 47, 48, 49, 43, 44, 45, 53, 54, 55, 56, 50, 51, 52]];
cc:=[4,9,14];
gen_vectors_as_perm:=[S!perm : perm in gen_vectors];
passport_label:=4;
gen_vect_label:=1;
is_hyperelliptic:=false;
is_cyclic_trigonal:=false;
Append(~data, rec<RecFormat | group:=G, gp_id:=gp_id, signature:=signature, gen_vectors:=gen_vectors_as_perm, conj_classes:=cc, genus:=genus, dimension:=dim, r:=r, g0:=g0, passport_label:= passport_label,gen_vect_label:=gen_vect_label, is_hyperelliptic:=is_hyperelliptic,is_cyclic_trigonal:=is_cyclic_trigonal >);

// Here we add an action to data.
gen_vectors:=[[43, 47, 44, 48, 45, 49, 46, 50, 54, 51, 55, 52, 56, 53, 57, 61, 58, 62, 59, 63, 60, 1, 5, 2, 6, 3, 7, 4, 8, 12, 9, 13, 10, 14, 11, 15, 19, 16, 20, 17, 21, 18, 22, 26, 23, 27, 24, 28, 25, 29, 33, 30, 34, 31, 35, 32, 36, 40, 37, 41, 38, 42, 39], [35, 30, 32, 34, 29, 31, 33, 42, 37, 39, 41, 36, 38, 40, 28, 23, 25, 27, 22, 24, 26, 56, 51, 53, 55, 50, 52, 54, 63, 58, 60, 62, 57, 59, 61, 49, 44, 46, 48, 43, 45, 47, 14, 9, 11, 13, 8, 10, 12, 21, 16, 18, 20, 15, 17, 19, 7, 2, 4, 6, 1, 3, 5], [16, 17, 18, 19, 20, 21, 15, 2, 3, 4, 5, 6, 7, 1, 9, 10, 11, 12, 13, 14, 8, 37, 38, 39, 40, 41, 42, 36, 23, 24, 25, 26, 27, 28, 22, 30, 31, 32, 33, 34, 35, 29, 58, 59, 60, 61, 62, 63, 57, 44, 45, 46, 47, 48, 49, 43, 51, 52, 53, 54, 55, 56, 50]];
cc:=[5,6,13];
gen_vectors_as_perm:=[S!perm : perm in gen_vectors];
passport_label:=5;
gen_vect_label:=1;
is_hyperelliptic:=false;
is_cyclic_trigonal:=false;
Append(~data, rec<RecFormat | group:=G, gp_id:=gp_id, signature:=signature, gen_vectors:=gen_vectors_as_perm, conj_classes:=cc, genus:=genus, dimension:=dim, r:=r, g0:=g0, passport_label:= passport_label,gen_vect_label:=gen_vect_label, is_hyperelliptic:=is_hyperelliptic,is_cyclic_trigonal:=is_cyclic_trigonal >);

// Here we add an action to data.
gen_vectors:=[[43, 47, 44, 48, 45, 49, 46, 50, 54, 51, 55, 52, 56, 53, 57, 61, 58, 62, 59, 63, 60, 1, 5, 2, 6, 3, 7, 4, 8, 12, 9, 13, 10, 14, 11, 15, 19, 16, 20, 17, 21, 18, 22, 26, 23, 27, 24, 28, 25, 29, 33, 30, 34, 31, 35, 32, 36, 40, 37, 41, 38, 42, 39], [33, 35, 30, 32, 34, 29, 31, 40, 42, 37, 39, 41, 36, 38, 26, 28, 23, 25, 27, 22, 24, 54, 56, 51, 53, 55, 50, 52, 61, 63, 58, 60, 62, 57, 59, 47, 49, 44, 46, 48, 43, 45, 12, 14, 9, 11, 13, 8, 10, 19, 21, 16, 18, 20, 15, 17, 5, 7, 2, 4, 6, 1, 3], [18, 19, 20, 21, 15, 16, 17, 4, 5, 6, 7, 1, 2, 3, 11, 12, 13, 14, 8, 9, 10, 39, 40, 41, 42, 36, 37, 38, 25, 26, 27, 28, 22, 23, 24, 32, 33, 34, 35, 29, 30, 31, 60, 61, 62, 63, 57, 58, 59, 46, 47, 48, 49, 43, 44, 45, 53, 54, 55, 56, 50, 51, 52]];
cc:=[5,6,14];
gen_vectors_as_perm:=[S!perm : perm in gen_vectors];
passport_label:=6;
gen_vect_label:=1;
is_hyperelliptic:=false;
is_cyclic_trigonal:=false;
Append(~data, rec<RecFormat | group:=G, gp_id:=gp_id, signature:=signature, gen_vectors:=gen_vectors_as_perm, conj_classes:=cc, genus:=genus, dimension:=dim, r:=r, g0:=g0, passport_label:= passport_label,gen_vect_label:=gen_vect_label, is_hyperelliptic:=is_hyperelliptic,is_cyclic_trigonal:=is_cyclic_trigonal >);

// Here we add an action to data.
gen_vectors:=[[43, 47, 44, 48, 45, 49, 46, 50, 54, 51, 55, 52, 56, 53, 57, 61, 58, 62, 59, 63, 60, 1, 5, 2, 6, 3, 7, 4, 8, 12, 9, 13, 10, 14, 11, 15, 19, 16, 20, 17, 21, 18, 22, 26, 23, 27, 24, 28, 25, 29, 33, 30, 34, 31, 35, 32, 36, 40, 37, 41, 38, 42, 39], [42, 37, 39, 41, 36, 38, 40, 28, 23, 25, 27, 22, 24, 26, 35, 30, 32, 34, 29, 31, 33, 63, 58, 60, 62, 57, 59, 61, 49, 44, 46, 48, 43, 45, 47, 56, 51, 53, 55, 50, 52, 54, 21, 16, 18, 20, 15, 17, 19, 7, 2, 4, 6, 1, 3, 5, 14, 9, 11, 13, 8, 10, 12], [9, 10, 11, 12, 13, 14, 8, 16, 17, 18, 19, 20, 21, 15, 2, 3, 4, 5, 6, 7, 1, 30, 31, 32, 33, 34, 35, 29, 37, 38, 39, 40, 41, 42, 36, 23, 24, 25, 26, 27, 28, 22, 51, 52, 53, 54, 55, 56, 50, 58, 59, 60, 61, 62, 63, 57, 44, 45, 46, 47, 48, 49, 43]];
cc:=[5,8,12];
gen_vectors_as_perm:=[S!perm : perm in gen_vectors];
passport_label:=7;
gen_vect_label:=1;
is_hyperelliptic:=false;
is_cyclic_trigonal:=false;
Append(~data, rec<RecFormat | group:=G, gp_id:=gp_id, signature:=signature, gen_vectors:=gen_vectors_as_perm, conj_classes:=cc, genus:=genus, dimension:=dim, r:=r, g0:=g0, passport_label:= passport_label,gen_vect_label:=gen_vect_label, is_hyperelliptic:=is_hyperelliptic,is_cyclic_trigonal:=is_cyclic_trigonal >);

// Here we add an action to data.
gen_vectors:=[[43, 47, 44, 48, 45, 49, 46, 50, 54, 51, 55, 52, 56, 53, 57, 61, 58, 62, 59, 63, 60, 1, 5, 2, 6, 3, 7, 4, 8, 12, 9, 13, 10, 14, 11, 15, 19, 16, 20, 17, 21, 18, 22, 26, 23, 27, 24, 28, 25, 29, 33, 30, 34, 31, 35, 32, 36, 40, 37, 41, 38, 42, 39], [40, 42, 37, 39, 41, 36, 38, 26, 28, 23, 25, 27, 22, 24, 33, 35, 30, 32, 34, 29, 31, 61, 63, 58, 60, 62, 57, 59, 47, 49, 44, 46, 48, 43, 45, 54, 56, 51, 53, 55, 50, 52, 19, 21, 16, 18, 20, 15, 17, 5, 7, 2, 4, 6, 1, 3, 12, 14, 9, 11, 13, 8, 10], [11, 12, 13, 14, 8, 9, 10, 18, 19, 20, 21, 15, 16, 17, 4, 5, 6, 7, 1, 2, 3, 32, 33, 34, 35, 29, 30, 31, 39, 40, 41, 42, 36, 37, 38, 25, 26, 27, 28, 22, 23, 24, 53, 54, 55, 56, 50, 51, 52, 60, 61, 62, 63, 57, 58, 59, 46, 47, 48, 49, 43, 44, 45]];
cc:=[5,8,15];
gen_vectors_as_perm:=[S!perm : perm in gen_vectors];
passport_label:=8;
gen_vect_label:=1;
is_hyperelliptic:=false;
is_cyclic_trigonal:=false;
Append(~data, rec<RecFormat | group:=G, gp_id:=gp_id, signature:=signature, gen_vectors:=gen_vectors_as_perm, conj_classes:=cc, genus:=genus, dimension:=dim, r:=r, g0:=g0, passport_label:= passport_label,gen_vect_label:=gen_vect_label, is_hyperelliptic:=is_hyperelliptic,is_cyclic_trigonal:=is_cyclic_trigonal >);

// Here we add an action to data.
gen_vectors:=[[29, 31, 33, 35, 30, 32, 34, 36, 38, 40, 42, 37, 39, 41, 22, 24, 26, 28, 23, 25, 27, 50, 52, 54, 56, 51, 53, 55, 57, 59, 61, 63, 58, 60, 62, 43, 45, 47, 49, 44, 46, 48, 8, 10, 12, 14, 9, 11, 13, 15, 17, 19, 21, 16, 18, 20, 1, 3, 5, 7, 2, 4, 6], [55, 52, 56, 53, 50, 54, 51, 62, 59, 63, 60, 57, 61, 58, 48, 45, 49, 46, 43, 47, 44, 13, 10, 14, 11, 8, 12, 9, 20, 17, 21, 18, 15, 19, 16, 6, 3, 7, 4, 1, 5, 2, 34, 31, 35, 32, 29, 33, 30, 41, 38, 42, 39, 36, 40, 37, 27, 24, 28, 25, 22, 26, 23], [10, 11, 12, 13, 14, 8, 9, 17, 18, 19, 20, 21, 15, 16, 3, 4, 5, 6, 7, 1, 2, 31, 32, 33, 34, 35, 29, 30, 38, 39, 40, 41, 42, 36, 37, 24, 25, 26, 27, 28, 22, 23, 52, 53, 54, 55, 56, 50, 51, 59, 60, 61, 62, 63, 57, 58, 45, 46, 47, 48, 49, 43, 44]];
cc:=[6,9,12];
gen_vectors_as_perm:=[S!perm : perm in gen_vectors];
passport_label:=9;
gen_vect_label:=1;
is_hyperelliptic:=false;
is_cyclic_trigonal:=false;
Append(~data, rec<RecFormat | group:=G, gp_id:=gp_id, signature:=signature, gen_vectors:=gen_vectors_as_perm, conj_classes:=cc, genus:=genus, dimension:=dim, r:=r, g0:=g0, passport_label:= passport_label,gen_vect_label:=gen_vect_label, is_hyperelliptic:=is_hyperelliptic,is_cyclic_trigonal:=is_cyclic_trigonal >);

// Here we add an action to data.
gen_vectors:=[[29, 31, 33, 35, 30, 32, 34, 36, 38, 40, 42, 37, 39, 41, 22, 24, 26, 28, 23, 25, 27, 50, 52, 54, 56, 51, 53, 55, 57, 59, 61, 63, 58, 60, 62, 43, 45, 47, 49, 44, 46, 48, 8, 10, 12, 14, 9, 11, 13, 15, 17, 19, 21, 16, 18, 20, 1, 3, 5, 7, 2, 4, 6], [54, 51, 55, 52, 56, 53, 50, 61, 58, 62, 59, 63, 60, 57, 47, 44, 48, 45, 49, 46, 43, 12, 9, 13, 10, 14, 11, 8, 19, 16, 20, 17, 21, 18, 15, 5, 2, 6, 3, 7, 4, 1, 33, 30, 34, 31, 35, 32, 29, 40, 37, 41, 38, 42, 39, 36, 26, 23, 27, 24, 28, 25, 22], [11, 12, 13, 14, 8, 9, 10, 18, 19, 20, 21, 15, 16, 17, 4, 5, 6, 7, 1, 2, 3, 32, 33, 34, 35, 29, 30, 31, 39, 40, 41, 42, 36, 37, 38, 25, 26, 27, 28, 22, 23, 24, 53, 54, 55, 56, 50, 51, 52, 60, 61, 62, 63, 57, 58, 59, 46, 47, 48, 49, 43, 44, 45]];
cc:=[6,9,15];
gen_vectors_as_perm:=[S!perm : perm in gen_vectors];
passport_label:=10;
gen_vect_label:=1;
is_hyperelliptic:=false;
is_cyclic_trigonal:=false;
Append(~data, rec<RecFormat | group:=G, gp_id:=gp_id, signature:=signature, gen_vectors:=gen_vectors_as_perm, conj_classes:=cc, genus:=genus, dimension:=dim, r:=r, g0:=g0, passport_label:= passport_label,gen_vect_label:=gen_vect_label, is_hyperelliptic:=is_hyperelliptic,is_cyclic_trigonal:=is_cyclic_trigonal >);

// Here we add an action to data.
gen_vectors:=[[57, 61, 58, 62, 59, 63, 60, 43, 47, 44, 48, 45, 49, 46, 50, 54, 51, 55, 52, 56, 53, 15, 19, 16, 20, 17, 21, 18, 1, 5, 2, 6, 3, 7, 4, 8, 12, 9, 13, 10, 14, 11, 36, 40, 37, 41, 38, 42, 39, 22, 26, 23, 27, 24, 28, 25, 29, 33, 30, 34, 31, 35, 32], [42, 37, 39, 41, 36, 38, 40, 28, 23, 25, 27, 22, 24, 26, 35, 30, 32, 34, 29, 31, 33, 63, 58, 60, 62, 57, 59, 61, 49, 44, 46, 48, 43, 45, 47, 56, 51, 53, 55, 50, 52, 54, 21, 16, 18, 20, 15, 17, 19, 7, 2, 4, 6, 1, 3, 5, 14, 9, 11, 13, 8, 10, 12], [16, 17, 18, 19, 20, 21, 15, 2, 3, 4, 5, 6, 7, 1, 9, 10, 11, 12, 13, 14, 8, 37, 38, 39, 40, 41, 42, 36, 23, 24, 25, 26, 27, 28, 22, 30, 31, 32, 33, 34, 35, 29, 58, 59, 60, 61, 62, 63, 57, 44, 45, 46, 47, 48, 49, 43, 51, 52, 53, 54, 55, 56, 50]];
cc:=[7,8,13];
gen_vectors_as_perm:=[S!perm : perm in gen_vectors];
passport_label:=11;
gen_vect_label:=1;
is_hyperelliptic:=false;
is_cyclic_trigonal:=false;
Append(~data, rec<RecFormat | group:=G, gp_id:=gp_id, signature:=signature, gen_vectors:=gen_vectors_as_perm, conj_classes:=cc, genus:=genus, dimension:=dim, r:=r, g0:=g0, passport_label:= passport_label,gen_vect_label:=gen_vect_label, is_hyperelliptic:=is_hyperelliptic,is_cyclic_trigonal:=is_cyclic_trigonal >);

// Here we add an action to data.
gen_vectors:=[[57, 61, 58, 62, 59, 63, 60, 43, 47, 44, 48, 45, 49, 46, 50, 54, 51, 55, 52, 56, 53, 15, 19, 16, 20, 17, 21, 18, 1, 5, 2, 6, 3, 7, 4, 8, 12, 9, 13, 10, 14, 11, 36, 40, 37, 41, 38, 42, 39, 22, 26, 23, 27, 24, 28, 25, 29, 33, 30, 34, 31, 35, 32], [40, 42, 37, 39, 41, 36, 38, 26, 28, 23, 25, 27, 22, 24, 33, 35, 30, 32, 34, 29, 31, 61, 63, 58, 60, 62, 57, 59, 47, 49, 44, 46, 48, 43, 45, 54, 56, 51, 53, 55, 50, 52, 19, 21, 16, 18, 20, 15, 17, 5, 7, 2, 4, 6, 1, 3, 12, 14, 9, 11, 13, 8, 10], [18, 19, 20, 21, 15, 16, 17, 4, 5, 6, 7, 1, 2, 3, 11, 12, 13, 14, 8, 9, 10, 39, 40, 41, 42, 36, 37, 38, 25, 26, 27, 28, 22, 23, 24, 32, 33, 34, 35, 29, 30, 31, 60, 61, 62, 63, 57, 58, 59, 46, 47, 48, 49, 43, 44, 45, 53, 54, 55, 56, 50, 51, 52]];
cc:=[7,8,14];
gen_vectors_as_perm:=[S!perm : perm in gen_vectors];
passport_label:=12;
gen_vect_label:=1;
is_hyperelliptic:=false;
is_cyclic_trigonal:=false;
Append(~data, rec<RecFormat | group:=G, gp_id:=gp_id, signature:=signature, gen_vectors:=gen_vectors_as_perm, conj_classes:=cc, genus:=genus, dimension:=dim, r:=r, g0:=g0, passport_label:= passport_label,gen_vect_label:=gen_vect_label, is_hyperelliptic:=is_hyperelliptic,is_cyclic_trigonal:=is_cyclic_trigonal >);

// label = 10.108-15.0.2-4-12
// Create group as a permutation group and initialize signature information.
gp_id:=[108,15];
H:=SmallGroup(gp_id[1],gp_id[2]); n:=#H; LP:=[]; LG:=[g : g in H]; for i in [1..n] do x:=LG[i]; Tx:=[LG[j]*x : j in [1..n]]; permL:=[]; for j in [1..n] do for k in [1..n] do if Tx[j] eq LG[k] then permL[j]:=k;  break; end if; end for; end for; Append(~LP,permL); end for; G:=PermutationGroup<n|LP>; 
signature:=[0,2,4,12];
genus:=10;
r:=#signature-1;
g0:=signature[1];
dim:=3*g0-3+r;
S:=Sym(gp_id[1]);

// Here we add an action to data.
gen_vectors:=[[28, 29, 30, 35, 36, 34, 33, 31, 32, 46, 47, 48, 53, 54, 52, 51, 49, 50, 37, 38, 39, 44, 45, 43, 42, 40, 41, 1, 2, 3, 8, 9, 7, 6, 4, 5, 19, 20, 21, 26, 27, 25, 24, 22, 23, 10, 11, 12, 17, 18, 16, 15, 13, 14, 82, 83, 84, 89, 90, 88, 87, 85, 86, 100, 101, 102, 107, 108, 106, 105, 103, 104, 91, 92, 93, 98, 99, 97, 96, 94, 95, 55, 56, 57, 62, 63, 61, 60, 58, 59, 73, 74, 75, 80, 81, 79, 78, 76, 77, 64, 65, 66, 71, 72, 70, 69, 67, 68], [71, 72, 70, 58, 59, 60, 73, 74, 75, 76, 77, 78, 64, 65, 66, 62, 63, 61, 56, 57, 55, 81, 79, 80, 68, 69, 67, 98, 99, 97, 85, 86, 87, 100, 101, 102, 103, 104, 105, 91, 92, 93, 89, 90, 88, 83, 84, 82, 108, 106, 107, 95, 96, 94, 44, 45, 43, 31, 32, 33, 46, 47, 48, 49, 50, 51, 37, 38, 39, 35, 36, 34, 29, 30, 28, 54, 52, 53, 41, 42, 40, 17, 18, 16, 4, 5, 6, 19, 20, 21, 22, 23, 24, 10, 11, 12, 8, 9, 7, 2, 3, 1, 27, 25, 26, 14, 15, 13], [66, 64, 65, 62, 63, 61, 77, 78, 76, 80, 81, 79, 68, 69, 67, 57, 55, 56, 60, 58, 59, 73, 74, 75, 72, 70, 71, 93, 91, 92, 89, 90, 88, 104, 105, 103, 107, 108, 106, 95, 96, 94, 84, 82, 83, 87, 85, 86, 100, 101, 102, 99, 97, 98, 39, 37, 38, 35, 36, 34, 50, 51, 49, 53, 54, 52, 41, 42, 40, 30, 28, 29, 33, 31, 32, 46, 47, 48, 45, 43, 44, 12, 10, 11, 8, 9, 7, 23, 24, 22, 26, 27, 25, 14, 15, 13, 3, 1, 2, 6, 4, 5, 19, 20, 21, 18, 16, 17]];
cc:=[2,7,11];
gen_vectors_as_perm:=[S!perm : perm in gen_vectors];
passport_label:=1;
gen_vect_label:=1;
is_hyperelliptic:=false;
is_cyclic_trigonal:=false;
Append(~data, rec<RecFormat | group:=G, gp_id:=gp_id, signature:=signature, gen_vectors:=gen_vectors_as_perm, conj_classes:=cc, genus:=genus, dimension:=dim, r:=r, g0:=g0, passport_label:= passport_label,gen_vect_label:=gen_vect_label, is_hyperelliptic:=is_hyperelliptic,is_cyclic_trigonal:=is_cyclic_trigonal >);

// Here we add an action to data.
gen_vectors:=[[28, 29, 30, 35, 36, 34, 33, 31, 32, 46, 47, 48, 53, 54, 52, 51, 49, 50, 37, 38, 39, 44, 45, 43, 42, 40, 41, 1, 2, 3, 8, 9, 7, 6, 4, 5, 19, 20, 21, 26, 27, 25, 24, 22, 23, 10, 11, 12, 17, 18, 16, 15, 13, 14, 82, 83, 84, 89, 90, 88, 87, 85, 86, 100, 101, 102, 107, 108, 106, 105, 103, 104, 91, 92, 93, 98, 99, 97, 96, 94, 95, 55, 56, 57, 62, 63, 61, 60, 58, 59, 73, 74, 75, 80, 81, 79, 78, 76, 77, 64, 65, 66, 71, 72, 70, 69, 67, 68], [58, 59, 60, 73, 74, 75, 71, 72, 70, 64, 65, 66, 62, 63, 61, 76, 77, 78, 81, 79, 80, 68, 69, 67, 56, 57, 55, 85, 86, 87, 100, 101, 102, 98, 99, 97, 91, 92, 93, 89, 90, 88, 103, 104, 105, 108, 106, 107, 95, 96, 94, 83, 84, 82, 31, 32, 33, 46, 47, 48, 44, 45, 43, 37, 38, 39, 35, 36, 34, 49, 50, 51, 54, 52, 53, 41, 42, 40, 29, 30, 28, 4, 5, 6, 19, 20, 21, 17, 18, 16, 10, 11, 12, 8, 9, 7, 22, 23, 24, 27, 25, 26, 14, 15, 13, 2, 3, 1], [68, 69, 67, 55, 56, 57, 79, 80, 81, 73, 74, 75, 70, 71, 72, 59, 60, 58, 62, 63, 61, 78, 76, 77, 65, 66, 64, 95, 96, 94, 82, 83, 84, 106, 107, 108, 100, 101, 102, 97, 98, 99, 86, 87, 85, 89, 90, 88, 105, 103, 104, 92, 93, 91, 41, 42, 40, 28, 29, 30, 52, 53, 54, 46, 47, 48, 43, 44, 45, 32, 33, 31, 35, 36, 34, 51, 49, 50, 38, 39, 37, 14, 15, 13, 1, 2, 3, 25, 26, 27, 19, 20, 21, 16, 17, 18, 5, 6, 4, 8, 9, 7, 24, 22, 23, 11, 12, 10]];
cc:=[2,7,12];
gen_vectors_as_perm:=[S!perm : perm in gen_vectors];
passport_label:=2;
gen_vect_label:=1;
is_hyperelliptic:=false;
is_cyclic_trigonal:=false;
Append(~data, rec<RecFormat | group:=G, gp_id:=gp_id, signature:=signature, gen_vectors:=gen_vectors_as_perm, conj_classes:=cc, genus:=genus, dimension:=dim, r:=r, g0:=g0, passport_label:= passport_label,gen_vect_label:=gen_vect_label, is_hyperelliptic:=is_hyperelliptic,is_cyclic_trigonal:=is_cyclic_trigonal >);

// Here we add an action to data.
gen_vectors:=[[28, 29, 30, 35, 36, 34, 33, 31, 32, 46, 47, 48, 53, 54, 52, 51, 49, 50, 37, 38, 39, 44, 45, 43, 42, 40, 41, 1, 2, 3, 8, 9, 7, 6, 4, 5, 19, 20, 21, 26, 27, 25, 24, 22, 23, 10, 11, 12, 17, 18, 16, 15, 13, 14, 82, 83, 84, 89, 90, 88, 87, 85, 86, 100, 101, 102, 107, 108, 106, 105, 103, 104, 91, 92, 93, 98, 99, 97, 96, 94, 95, 55, 56, 57, 62, 63, 61, 60, 58, 59, 73, 74, 75, 80, 81, 79, 78, 76, 77, 64, 65, 66, 71, 72, 70, 69, 67, 68], [108, 106, 107, 82, 83, 84, 96, 94, 95, 91, 92, 93, 105, 103, 104, 90, 88, 89, 85, 86, 87, 97, 98, 99, 101, 102, 100, 81, 79, 80, 55, 56, 57, 69, 67, 68, 64, 65, 66, 78, 76, 77, 63, 61, 62, 58, 59, 60, 70, 71, 72, 74, 75, 73, 27, 25, 26, 1, 2, 3, 15, 13, 14, 10, 11, 12, 24, 22, 23, 9, 7, 8, 4, 5, 6, 16, 17, 18, 20, 21, 19, 54, 52, 53, 28, 29, 30, 42, 40, 41, 37, 38, 39, 51, 49, 50, 36, 34, 35, 31, 32, 33, 43, 44, 45, 47, 48, 46], [89, 90, 88, 91, 92, 93, 103, 104, 105, 100, 101, 102, 85, 86, 87, 98, 99, 97, 95, 96, 94, 108, 106, 107, 83, 84, 82, 62, 63, 61, 64, 65, 66, 76, 77, 78, 73, 74, 75, 58, 59, 60, 71, 72, 70, 68, 69, 67, 81, 79, 80, 56, 57, 55, 8, 9, 7, 10, 11, 12, 22, 23, 24, 19, 20, 21, 4, 5, 6, 17, 18, 16, 14, 15, 13, 27, 25, 26, 2, 3, 1, 35, 36, 34, 37, 38, 39, 49, 50, 51, 46, 47, 48, 31, 32, 33, 44, 45, 43, 41, 42, 40, 54, 52, 53, 29, 30, 28]];
cc:=[2,8,13];
gen_vectors_as_perm:=[S!perm : perm in gen_vectors];
passport_label:=3;
gen_vect_label:=1;
is_hyperelliptic:=false;
is_cyclic_trigonal:=false;
Append(~data, rec<RecFormat | group:=G, gp_id:=gp_id, signature:=signature, gen_vectors:=gen_vectors_as_perm, conj_classes:=cc, genus:=genus, dimension:=dim, r:=r, g0:=g0, passport_label:= passport_label,gen_vect_label:=gen_vect_label, is_hyperelliptic:=is_hyperelliptic,is_cyclic_trigonal:=is_cyclic_trigonal >);

// Here we add an action to data.
gen_vectors:=[[28, 29, 30, 35, 36, 34, 33, 31, 32, 46, 47, 48, 53, 54, 52, 51, 49, 50, 37, 38, 39, 44, 45, 43, 42, 40, 41, 1, 2, 3, 8, 9, 7, 6, 4, 5, 19, 20, 21, 26, 27, 25, 24, 22, 23, 10, 11, 12, 17, 18, 16, 15, 13, 14, 82, 83, 84, 89, 90, 88, 87, 85, 86, 100, 101, 102, 107, 108, 106, 105, 103, 104, 91, 92, 93, 98, 99, 97, 96, 94, 95, 55, 56, 57, 62, 63, 61, 60, 58, 59, 73, 74, 75, 80, 81, 79, 78, 76, 77, 64, 65, 66, 71, 72, 70, 69, 67, 68], [102, 100, 101, 85, 86, 87, 99, 97, 98, 94, 95, 96, 108, 106, 107, 84, 82, 83, 88, 89, 90, 91, 92, 93, 104, 105, 103, 75, 73, 74, 58, 59, 60, 72, 70, 71, 67, 68, 69, 81, 79, 80, 57, 55, 56, 61, 62, 63, 64, 65, 66, 77, 78, 76, 21, 19, 20, 4, 5, 6, 18, 16, 17, 13, 14, 15, 27, 25, 26, 3, 1, 2, 7, 8, 9, 10, 11, 12, 23, 24, 22, 48, 46, 47, 31, 32, 33, 45, 43, 44, 40, 41, 42, 54, 52, 53, 30, 28, 29, 34, 35, 36, 37, 38, 39, 50, 51, 49], [103, 104, 105, 89, 90, 88, 91, 92, 93, 98, 99, 97, 100, 101, 102, 85, 86, 87, 83, 84, 82, 95, 96, 94, 108, 106, 107, 76, 77, 78, 62, 63, 61, 64, 65, 66, 71, 72, 70, 73, 74, 75, 58, 59, 60, 56, 57, 55, 68, 69, 67, 81, 79, 80, 22, 23, 24, 8, 9, 7, 10, 11, 12, 17, 18, 16, 19, 20, 21, 4, 5, 6, 2, 3, 1, 14, 15, 13, 27, 25, 26, 49, 50, 51, 35, 36, 34, 37, 38, 39, 44, 45, 43, 46, 47, 48, 31, 32, 33, 29, 30, 28, 41, 42, 40, 54, 52, 53]];
cc:=[2,8,14];
gen_vectors_as_perm:=[S!perm : perm in gen_vectors];
passport_label:=4;
gen_vect_label:=1;
is_hyperelliptic:=false;
is_cyclic_trigonal:=false;
Append(~data, rec<RecFormat | group:=G, gp_id:=gp_id, signature:=signature, gen_vectors:=gen_vectors_as_perm, conj_classes:=cc, genus:=genus, dimension:=dim, r:=r, g0:=g0, passport_label:= passport_label,gen_vect_label:=gen_vect_label, is_hyperelliptic:=is_hyperelliptic,is_cyclic_trigonal:=is_cyclic_trigonal >);

// label = 10.360-118.0.2-4-5
// Create group as a permutation group and initialize signature information.
gp_id:=[360,118];
H:=SmallGroup(gp_id[1],gp_id[2]); n:=#H; LP:=[]; LG:=[g : g in H]; for i in [1..n] do x:=LG[i]; Tx:=[LG[j]*x : j in [1..n]]; permL:=[]; for j in [1..n] do for k in [1..n] do if Tx[j] eq LG[k] then permL[j]:=k;  break; end if; end for; end for; Append(~LP,permL); end for; G:=PermutationGroup<n|LP>; 
signature:=[0,2,4,5];
genus:=10;
r:=#signature-1;
g0:=signature[1];
dim:=3*g0-3+r;
S:=Sym(gp_id[1]);

// Here we add an action to data.
