// Magma CODE FOR SEARCH RESULTS

// The results are stored in a list of records called 'data'

RecFormat:=recformat<group,gp_id, signature,gen_vectors,conj_classes,genus,dimension,r,g0, passport_label,gen_vect_label, is_hyperelliptic, hyp_involution, is_cyclic_trigonal,cyc_auto,full_auto, full_sign,topological_class,braid_class>;

data:=[];

// label = 11.48-12.0.4-4-12
// Create group as a permutation group and initialize signature information.
gp_id:=[48,12];
H:=SmallGroup(gp_id[1],gp_id[2]); n:=#H; LP:=[]; LG:=[g : g in H]; for i in [1..n] do x:=LG[i]; Tx:=[LG[j]*x : j in [1..n]]; permL:=[]; for j in [1..n] do for k in [1..n] do if Tx[j] eq LG[k] then permL[j]:=k;  break; end if; end for; end for; Append(~LP,permL); end for; G:=PermutationGroup<n|LP>; 
signature:=[0,4,4,12];
genus:=11;
r:=#signature-1;
g0:=signature[1];
dim:=3*g0-3+r;
S:=Sym(gp_id[1]);

// Here we add an action to data.
gen_vectors:=[[25, 27, 26, 28, 30, 29, 31, 33, 32, 34, 36, 35, 40, 42, 41, 37, 39, 38, 46, 48, 47, 43, 45, 44, 4, 6, 5, 1, 3, 2, 10, 12, 11, 7, 9, 8, 13, 15, 14, 16, 18, 17, 19, 21, 20, 22, 24, 23], [38, 37, 39, 41, 40, 42, 44, 43, 45, 47, 46, 48, 35, 34, 36, 32, 31, 33, 29, 28, 30, 26, 25, 27, 17, 16, 18, 14, 13, 15, 23, 22, 24, 20, 19, 21, 8, 7, 9, 11, 10, 12, 2, 1, 3, 5, 4, 6], [24, 22, 23, 21, 19, 20, 18, 16, 17, 15, 13, 14, 6, 4, 5, 3, 1, 2, 12, 10, 11, 9, 7, 8, 48, 46, 47, 45, 43, 44, 42, 40, 41, 39, 37, 38, 30, 28, 29, 27, 25, 26, 36, 34, 35, 33, 31, 32]];
cc:=[8,10,17];
gen_vectors_as_perm:=[S!perm : perm in gen_vectors];
passport_label:=1;
gen_vect_label:=1;
is_hyperelliptic:=false;
is_cyclic_trigonal:=false;
Append(~data, rec<RecFormat | group:=G, gp_id:=gp_id, signature:=signature, gen_vectors:=gen_vectors_as_perm, conj_classes:=cc, genus:=genus, dimension:=dim, r:=r, g0:=g0, passport_label:= passport_label,gen_vect_label:=gen_vect_label, is_hyperelliptic:=is_hyperelliptic,is_cyclic_trigonal:=is_cyclic_trigonal >);

// Here we add an action to data.
gen_vectors:=[[25, 27, 26, 28, 30, 29, 31, 33, 32, 34, 36, 35, 40, 42, 41, 37, 39, 38, 46, 48, 47, 43, 45, 44, 4, 6, 5, 1, 3, 2, 10, 12, 11, 7, 9, 8, 13, 15, 14, 16, 18, 17, 19, 21, 20, 22, 24, 23], [39, 38, 37, 42, 41, 40, 45, 44, 43, 48, 47, 46, 36, 35, 34, 33, 32, 31, 30, 29, 28, 27, 26, 25, 18, 17, 16, 15, 14, 13, 24, 23, 22, 21, 20, 19, 9, 8, 7, 12, 11, 10, 3, 2, 1, 6, 5, 4], [23, 24, 22, 20, 21, 19, 17, 18, 16, 14, 15, 13, 5, 6, 4, 2, 3, 1, 11, 12, 10, 8, 9, 7, 47, 48, 46, 44, 45, 43, 41, 42, 40, 38, 39, 37, 29, 30, 28, 26, 27, 25, 35, 36, 34, 32, 33, 31]];
cc:=[8,10,18];
gen_vectors_as_perm:=[S!perm : perm in gen_vectors];
passport_label:=2;
gen_vect_label:=1;
is_hyperelliptic:=false;
is_cyclic_trigonal:=false;
Append(~data, rec<RecFormat | group:=G, gp_id:=gp_id, signature:=signature, gen_vectors:=gen_vectors_as_perm, conj_classes:=cc, genus:=genus, dimension:=dim, r:=r, g0:=g0, passport_label:= passport_label,gen_vect_label:=gen_vect_label, is_hyperelliptic:=is_hyperelliptic,is_cyclic_trigonal:=is_cyclic_trigonal >);

// Here we add an action to data.
gen_vectors:=[[25, 27, 26, 28, 30, 29, 31, 33, 32, 34, 36, 35, 40, 42, 41, 37, 39, 38, 46, 48, 47, 43, 45, 44, 4, 6, 5, 1, 3, 2, 10, 12, 11, 7, 9, 8, 13, 15, 14, 16, 18, 17, 19, 21, 20, 22, 24, 23], [44, 43, 45, 47, 46, 48, 38, 37, 39, 41, 40, 42, 29, 28, 30, 26, 25, 27, 35, 34, 36, 32, 31, 33, 23, 22, 24, 20, 19, 21, 17, 16, 18, 14, 13, 15, 2, 1, 3, 5, 4, 6, 8, 7, 9, 11, 10, 12], [18, 16, 17, 15, 13, 14, 24, 22, 23, 21, 19, 20, 12, 10, 11, 9, 7, 8, 6, 4, 5, 3, 1, 2, 42, 40, 41, 39, 37, 38, 48, 46, 47, 45, 43, 44, 36, 34, 35, 33, 31, 32, 30, 28, 29, 27, 25, 26]];
cc:=[8,11,15];
gen_vectors_as_perm:=[S!perm : perm in gen_vectors];
passport_label:=3;
gen_vect_label:=1;
is_hyperelliptic:=false;
is_cyclic_trigonal:=false;
Append(~data, rec<RecFormat | group:=G, gp_id:=gp_id, signature:=signature, gen_vectors:=gen_vectors_as_perm, conj_classes:=cc, genus:=genus, dimension:=dim, r:=r, g0:=g0, passport_label:= passport_label,gen_vect_label:=gen_vect_label, is_hyperelliptic:=is_hyperelliptic,is_cyclic_trigonal:=is_cyclic_trigonal >);

// Here we add an action to data.
gen_vectors:=[[25, 27, 26, 28, 30, 29, 31, 33, 32, 34, 36, 35, 40, 42, 41, 37, 39, 38, 46, 48, 47, 43, 45, 44, 4, 6, 5, 1, 3, 2, 10, 12, 11, 7, 9, 8, 13, 15, 14, 16, 18, 17, 19, 21, 20, 22, 24, 23], [45, 44, 43, 48, 47, 46, 39, 38, 37, 42, 41, 40, 30, 29, 28, 27, 26, 25, 36, 35, 34, 33, 32, 31, 24, 23, 22, 21, 20, 19, 18, 17, 16, 15, 14, 13, 3, 2, 1, 6, 5, 4, 9, 8, 7, 12, 11, 10], [17, 18, 16, 14, 15, 13, 23, 24, 22, 20, 21, 19, 11, 12, 10, 8, 9, 7, 5, 6, 4, 2, 3, 1, 41, 42, 40, 38, 39, 37, 47, 48, 46, 44, 45, 43, 35, 36, 34, 32, 33, 31, 29, 30, 28, 26, 27, 25]];
cc:=[8,11,16];
gen_vectors_as_perm:=[S!perm : perm in gen_vectors];
passport_label:=4;
gen_vect_label:=1;
is_hyperelliptic:=false;
is_cyclic_trigonal:=false;
Append(~data, rec<RecFormat | group:=G, gp_id:=gp_id, signature:=signature, gen_vectors:=gen_vectors_as_perm, conj_classes:=cc, genus:=genus, dimension:=dim, r:=r, g0:=g0, passport_label:= passport_label,gen_vect_label:=gen_vect_label, is_hyperelliptic:=is_hyperelliptic,is_cyclic_trigonal:=is_cyclic_trigonal >);

// Here we add an action to data.
gen_vectors:=[[31, 33, 32, 34, 36, 35, 25, 27, 26, 28, 30, 29, 46, 48, 47, 43, 45, 44, 40, 42, 41, 37, 39, 38, 10, 12, 11, 7, 9, 8, 4, 6, 5, 1, 3, 2, 19, 21, 20, 22, 24, 23, 13, 15, 14, 16, 18, 17], [38, 37, 39, 41, 40, 42, 44, 43, 45, 47, 46, 48, 35, 34, 36, 32, 31, 33, 29, 28, 30, 26, 25, 27, 17, 16, 18, 14, 13, 15, 23, 22, 24, 20, 19, 21, 8, 7, 9, 11, 10, 12, 2, 1, 3, 5, 4, 6], [18, 16, 17, 15, 13, 14, 24, 22, 23, 21, 19, 20, 12, 10, 11, 9, 7, 8, 6, 4, 5, 3, 1, 2, 42, 40, 41, 39, 37, 38, 48, 46, 47, 45, 43, 44, 36, 34, 35, 33, 31, 32, 30, 28, 29, 27, 25, 26]];
cc:=[9,10,15];
gen_vectors_as_perm:=[S!perm : perm in gen_vectors];
passport_label:=5;
gen_vect_label:=1;
is_hyperelliptic:=false;
is_cyclic_trigonal:=false;
Append(~data, rec<RecFormat | group:=G, gp_id:=gp_id, signature:=signature, gen_vectors:=gen_vectors_as_perm, conj_classes:=cc, genus:=genus, dimension:=dim, r:=r, g0:=g0, passport_label:= passport_label,gen_vect_label:=gen_vect_label, is_hyperelliptic:=is_hyperelliptic,is_cyclic_trigonal:=is_cyclic_trigonal >);

// Here we add an action to data.
gen_vectors:=[[31, 33, 32, 34, 36, 35, 25, 27, 26, 28, 30, 29, 46, 48, 47, 43, 45, 44, 40, 42, 41, 37, 39, 38, 10, 12, 11, 7, 9, 8, 4, 6, 5, 1, 3, 2, 19, 21, 20, 22, 24, 23, 13, 15, 14, 16, 18, 17], [39, 38, 37, 42, 41, 40, 45, 44, 43, 48, 47, 46, 36, 35, 34, 33, 32, 31, 30, 29, 28, 27, 26, 25, 18, 17, 16, 15, 14, 13, 24, 23, 22, 21, 20, 19, 9, 8, 7, 12, 11, 10, 3, 2, 1, 6, 5, 4], [17, 18, 16, 14, 15, 13, 23, 24, 22, 20, 21, 19, 11, 12, 10, 8, 9, 7, 5, 6, 4, 2, 3, 1, 41, 42, 40, 38, 39, 37, 47, 48, 46, 44, 45, 43, 35, 36, 34, 32, 33, 31, 29, 30, 28, 26, 27, 25]];
cc:=[9,10,16];
gen_vectors_as_perm:=[S!perm : perm in gen_vectors];
passport_label:=6;
gen_vect_label:=1;
is_hyperelliptic:=false;
is_cyclic_trigonal:=false;
Append(~data, rec<RecFormat | group:=G, gp_id:=gp_id, signature:=signature, gen_vectors:=gen_vectors_as_perm, conj_classes:=cc, genus:=genus, dimension:=dim, r:=r, g0:=g0, passport_label:= passport_label,gen_vect_label:=gen_vect_label, is_hyperelliptic:=is_hyperelliptic,is_cyclic_trigonal:=is_cyclic_trigonal >);

// Here we add an action to data.
gen_vectors:=[[31, 33, 32, 34, 36, 35, 25, 27, 26, 28, 30, 29, 46, 48, 47, 43, 45, 44, 40, 42, 41, 37, 39, 38, 10, 12, 11, 7, 9, 8, 4, 6, 5, 1, 3, 2, 19, 21, 20, 22, 24, 23, 13, 15, 14, 16, 18, 17], [44, 43, 45, 47, 46, 48, 38, 37, 39, 41, 40, 42, 29, 28, 30, 26, 25, 27, 35, 34, 36, 32, 31, 33, 23, 22, 24, 20, 19, 21, 17, 16, 18, 14, 13, 15, 2, 1, 3, 5, 4, 6, 8, 7, 9, 11, 10, 12], [24, 22, 23, 21, 19, 20, 18, 16, 17, 15, 13, 14, 6, 4, 5, 3, 1, 2, 12, 10, 11, 9, 7, 8, 48, 46, 47, 45, 43, 44, 42, 40, 41, 39, 37, 38, 30, 28, 29, 27, 25, 26, 36, 34, 35, 33, 31, 32]];
cc:=[9,11,17];
gen_vectors_as_perm:=[S!perm : perm in gen_vectors];
passport_label:=7;
gen_vect_label:=1;
is_hyperelliptic:=false;
is_cyclic_trigonal:=false;
Append(~data, rec<RecFormat | group:=G, gp_id:=gp_id, signature:=signature, gen_vectors:=gen_vectors_as_perm, conj_classes:=cc, genus:=genus, dimension:=dim, r:=r, g0:=g0, passport_label:= passport_label,gen_vect_label:=gen_vect_label, is_hyperelliptic:=is_hyperelliptic,is_cyclic_trigonal:=is_cyclic_trigonal >);

// Here we add an action to data.
gen_vectors:=[[31, 33, 32, 34, 36, 35, 25, 27, 26, 28, 30, 29, 46, 48, 47, 43, 45, 44, 40, 42, 41, 37, 39, 38, 10, 12, 11, 7, 9, 8, 4, 6, 5, 1, 3, 2, 19, 21, 20, 22, 24, 23, 13, 15, 14, 16, 18, 17], [45, 44, 43, 48, 47, 46, 39, 38, 37, 42, 41, 40, 30, 29, 28, 27, 26, 25, 36, 35, 34, 33, 32, 31, 24, 23, 22, 21, 20, 19, 18, 17, 16, 15, 14, 13, 3, 2, 1, 6, 5, 4, 9, 8, 7, 12, 11, 10], [23, 24, 22, 20, 21, 19, 17, 18, 16, 14, 15, 13, 5, 6, 4, 2, 3, 1, 11, 12, 10, 8, 9, 7, 47, 48, 46, 44, 45, 43, 41, 42, 40, 38, 39, 37, 29, 30, 28, 26, 27, 25, 35, 36, 34, 32, 33, 31]];
cc:=[9,11,18];
gen_vectors_as_perm:=[S!perm : perm in gen_vectors];
passport_label:=8;
gen_vect_label:=1;
is_hyperelliptic:=false;
is_cyclic_trigonal:=false;
Append(~data, rec<RecFormat | group:=G, gp_id:=gp_id, signature:=signature, gen_vectors:=gen_vectors_as_perm, conj_classes:=cc, genus:=genus, dimension:=dim, r:=r, g0:=g0, passport_label:= passport_label,gen_vect_label:=gen_vect_label, is_hyperelliptic:=is_hyperelliptic,is_cyclic_trigonal:=is_cyclic_trigonal >);

// label = 11.48-32.0.4-6-6
// Create group as a permutation group and initialize signature information.
gp_id:=[48,32];
H:=SmallGroup(gp_id[1],gp_id[2]); n:=#H; LP:=[]; LG:=[g : g in H]; for i in [1..n] do x:=LG[i]; Tx:=[LG[j]*x : j in [1..n]]; permL:=[]; for j in [1..n] do for k in [1..n] do if Tx[j] eq LG[k] then permL[j]:=k;  break; end if; end for; end for; Append(~LP,permL); end for; G:=PermutationGroup<n|LP>; 
signature:=[0,4,6,6];
genus:=11;
r:=#signature-1;
g0:=signature[1];
dim:=3*g0-3+r;
S:=Sym(gp_id[1]);

// Here we add an action to data.
gen_vectors:=[[3, 4, 2, 1, 7, 8, 6, 5, 11, 12, 10, 9, 15, 16, 14, 13, 19, 20, 18, 17, 23, 24, 22, 21, 27, 28, 26, 25, 31, 32, 30, 29, 35, 36, 34, 33, 39, 40, 38, 37, 43, 44, 42, 41, 47, 48, 46, 45], [33, 34, 39, 40, 35, 36, 37, 38, 41, 42, 47, 48, 43, 44, 45, 46, 25, 26, 31, 32, 27, 28, 29, 30, 9, 10, 15, 16, 11, 12, 13, 14, 17, 18, 23, 24, 19, 20, 21, 22, 1, 2, 7, 8, 3, 4, 5, 6], [44, 43, 48, 47, 45, 46, 41, 42, 28, 27, 32, 31, 29, 30, 25, 26, 36, 35, 40, 39, 37, 38, 33, 34, 20, 19, 24, 23, 21, 22, 17, 18, 4, 3, 8, 7, 5, 6, 1, 2, 12, 11, 16, 15, 13, 14, 9, 10]];
cc:=[7,11,12];
gen_vectors_as_perm:=[S!perm : perm in gen_vectors];
passport_label:=1;
gen_vect_label:=1;
full_auto:=[96,189];
full_sign:=[0,2,6,8];
Append(~data, rec<RecFormat | group:=G, gp_id:=gp_id, signature:=signature, gen_vectors:=gen_vectors_as_perm, conj_classes:=cc, genus:=genus, dimension:=dim, r:=r, g0:=g0, passport_label:= passport_label,gen_vect_label:=gen_vect_label,full_auto:=full_auto, full_sign:=full_sign>);

// Here we add an action to data.
gen_vectors:=[[3, 4, 2, 1, 7, 8, 6, 5, 11, 12, 10, 9, 15, 16, 14, 13, 19, 20, 18, 17, 23, 24, 22, 21, 27, 28, 26, 25, 31, 32, 30, 29, 35, 36, 34, 33, 39, 40, 38, 37, 43, 44, 42, 41, 47, 48, 46, 45], [39, 40, 34, 33, 37, 38, 36, 35, 47, 48, 42, 41, 45, 46, 44, 43, 31, 32, 26, 25, 29, 30, 28, 27, 15, 16, 10, 9, 13, 14, 12, 11, 23, 24, 18, 17, 21, 22, 20, 19, 7, 8, 2, 1, 5, 6, 4, 3], [42, 41, 46, 45, 48, 47, 44, 43, 26, 25, 30, 29, 32, 31, 28, 27, 34, 33, 38, 37, 40, 39, 36, 35, 18, 17, 22, 21, 24, 23, 20, 19, 2, 1, 6, 5, 8, 7, 4, 3, 10, 9, 14, 13, 16, 15, 12, 11]];
cc:=[7,11,14];
gen_vectors_as_perm:=[S!perm : perm in gen_vectors];
passport_label:=2;
gen_vect_label:=1;
full_auto:=[96,190];
full_sign:=[0,2,6,8];
Append(~data, rec<RecFormat | group:=G, gp_id:=gp_id, signature:=signature, gen_vectors:=gen_vectors_as_perm, conj_classes:=cc, genus:=genus, dimension:=dim, r:=r, g0:=g0, passport_label:= passport_label,gen_vect_label:=gen_vect_label,full_auto:=full_auto, full_sign:=full_sign>);

// Here we add an action to data.
gen_vectors:=[[3, 4, 2, 1, 7, 8, 6, 5, 11, 12, 10, 9, 15, 16, 14, 13, 19, 20, 18, 17, 23, 24, 22, 21, 27, 28, 26, 25, 31, 32, 30, 29, 35, 36, 34, 33, 39, 40, 38, 37, 43, 44, 42, 41, 47, 48, 46, 45], [41, 42, 45, 46, 47, 48, 43, 44, 25, 26, 29, 30, 31, 32, 27, 28, 33, 34, 37, 38, 39, 40, 35, 36, 17, 18, 21, 22, 23, 24, 19, 20, 1, 2, 5, 6, 7, 8, 3, 4, 9, 10, 13, 14, 15, 16, 11, 12], [36, 35, 37, 38, 33, 34, 40, 39, 44, 43, 45, 46, 41, 42, 48, 47, 28, 27, 29, 30, 25, 26, 32, 31, 12, 11, 13, 14, 9, 10, 16, 15, 20, 19, 21, 22, 17, 18, 24, 23, 4, 3, 5, 6, 1, 2, 8, 7]];
cc:=[7,12,13];
gen_vectors_as_perm:=[S!perm : perm in gen_vectors];
passport_label:=3;
gen_vect_label:=1;
full_auto:=[96,190];
full_sign:=[0,2,6,8];
Append(~data, rec<RecFormat | group:=G, gp_id:=gp_id, signature:=signature, gen_vectors:=gen_vectors_as_perm, conj_classes:=cc, genus:=genus, dimension:=dim, r:=r, g0:=g0, passport_label:= passport_label,gen_vect_label:=gen_vect_label,full_auto:=full_auto, full_sign:=full_sign>);

// Here we add an action to data.
gen_vectors:=[[3, 4, 2, 1, 7, 8, 6, 5, 11, 12, 10, 9, 15, 16, 14, 13, 19, 20, 18, 17, 23, 24, 22, 21, 27, 28, 26, 25, 31, 32, 30, 29, 35, 36, 34, 33, 39, 40, 38, 37, 43, 44, 42, 41, 47, 48, 46, 45], [34, 33, 40, 39, 36, 35, 38, 37, 42, 41, 48, 47, 44, 43, 46, 45, 26, 25, 32, 31, 28, 27, 30, 29, 10, 9, 16, 15, 12, 11, 14, 13, 18, 17, 24, 23, 20, 19, 22, 21, 2, 1, 8, 7, 4, 3, 6, 5], [43, 44, 47, 48, 46, 45, 42, 41, 27, 28, 31, 32, 30, 29, 26, 25, 35, 36, 39, 40, 38, 37, 34, 33, 19, 20, 23, 24, 22, 21, 18, 17, 3, 4, 7, 8, 6, 5, 2, 1, 11, 12, 15, 16, 14, 13, 10, 9]];
cc:=[7,13,14];
gen_vectors_as_perm:=[S!perm : perm in gen_vectors];
passport_label:=4;
gen_vect_label:=1;
full_auto:=[96,189];
full_sign:=[0,2,6,8];
Append(~data, rec<RecFormat | group:=G, gp_id:=gp_id, signature:=signature, gen_vectors:=gen_vectors_as_perm, conj_classes:=cc, genus:=genus, dimension:=dim, r:=r, g0:=g0, passport_label:= passport_label,gen_vect_label:=gen_vect_label,full_auto:=full_auto, full_sign:=full_sign>);

// Here we add an action to data.
gen_vectors:=[[27, 28, 26, 25, 31, 32, 30, 29, 35, 36, 34, 33, 39, 40, 38, 37, 43, 44, 42, 41, 47, 48, 46, 45, 3, 4, 2, 1, 7, 8, 6, 5, 11, 12, 10, 9, 15, 16, 14, 13, 19, 20, 18, 17, 23, 24, 22, 21], [16, 15, 9, 10, 14, 13, 11, 12, 24, 23, 17, 18, 22, 21, 19, 20, 8, 7, 1, 2, 6, 5, 3, 4, 40, 39, 33, 34, 38, 37, 35, 36, 48, 47, 41, 42, 46, 45, 43, 44, 32, 31, 25, 26, 30, 29, 27, 28], [41, 42, 45, 46, 47, 48, 43, 44, 25, 26, 29, 30, 31, 32, 27, 28, 33, 34, 37, 38, 39, 40, 35, 36, 17, 18, 21, 22, 23, 24, 19, 20, 1, 2, 5, 6, 7, 8, 3, 4, 9, 10, 13, 14, 15, 16, 11, 12]];
cc:=[8,9,12];
gen_vectors_as_perm:=[S!perm : perm in gen_vectors];
passport_label:=5;
gen_vect_label:=1;
is_hyperelliptic:=false;
is_cyclic_trigonal:=false;
Append(~data, rec<RecFormat | group:=G, gp_id:=gp_id, signature:=signature, gen_vectors:=gen_vectors_as_perm, conj_classes:=cc, genus:=genus, dimension:=dim, r:=r, g0:=g0, passport_label:= passport_label,gen_vect_label:=gen_vect_label, is_hyperelliptic:=is_hyperelliptic,is_cyclic_trigonal:=is_cyclic_trigonal >);

// Here we add an action to data.
gen_vectors:=[[27, 28, 26, 25, 31, 32, 30, 29, 35, 36, 34, 33, 39, 40, 38, 37, 43, 44, 42, 41, 47, 48, 46, 45, 3, 4, 2, 1, 7, 8, 6, 5, 11, 12, 10, 9, 15, 16, 14, 13, 19, 20, 18, 17, 23, 24, 22, 21], [10, 9, 16, 15, 12, 11, 14, 13, 18, 17, 24, 23, 20, 19, 22, 21, 2, 1, 8, 7, 4, 3, 6, 5, 34, 33, 40, 39, 36, 35, 38, 37, 42, 41, 48, 47, 44, 43, 46, 45, 26, 25, 32, 31, 28, 27, 30, 29], [43, 44, 47, 48, 46, 45, 42, 41, 27, 28, 31, 32, 30, 29, 26, 25, 35, 36, 39, 40, 38, 37, 34, 33, 19, 20, 23, 24, 22, 21, 18, 17, 3, 4, 7, 8, 6, 5, 2, 1, 11, 12, 15, 16, 14, 13, 10, 9]];
cc:=[8,9,14];
gen_vectors_as_perm:=[S!perm : perm in gen_vectors];
passport_label:=6;
gen_vect_label:=1;
is_hyperelliptic:=false;
is_cyclic_trigonal:=false;
Append(~data, rec<RecFormat | group:=G, gp_id:=gp_id, signature:=signature, gen_vectors:=gen_vectors_as_perm, conj_classes:=cc, genus:=genus, dimension:=dim, r:=r, g0:=g0, passport_label:= passport_label,gen_vect_label:=gen_vect_label, is_hyperelliptic:=is_hyperelliptic,is_cyclic_trigonal:=is_cyclic_trigonal >);

// Here we add an action to data.
gen_vectors:=[[27, 28, 26, 25, 31, 32, 30, 29, 35, 36, 34, 33, 39, 40, 38, 37, 43, 44, 42, 41, 47, 48, 46, 45, 3, 4, 2, 1, 7, 8, 6, 5, 11, 12, 10, 9, 15, 16, 14, 13, 19, 20, 18, 17, 23, 24, 22, 21], [18, 17, 22, 21, 24, 23, 20, 19, 2, 1, 6, 5, 8, 7, 4, 3, 10, 9, 14, 13, 16, 15, 12, 11, 42, 41, 46, 45, 48, 47, 44, 43, 26, 25, 30, 29, 32, 31, 28, 27, 34, 33, 38, 37, 40, 39, 36, 35], [35, 36, 38, 37, 34, 33, 39, 40, 43, 44, 46, 45, 42, 41, 47, 48, 27, 28, 30, 29, 26, 25, 31, 32, 11, 12, 14, 13, 10, 9, 15, 16, 19, 20, 22, 21, 18, 17, 23, 24, 3, 4, 6, 5, 2, 1, 7, 8]];
cc:=[8,10,11];
gen_vectors_as_perm:=[S!perm : perm in gen_vectors];
passport_label:=7;
gen_vect_label:=1;
is_hyperelliptic:=false;
is_cyclic_trigonal:=false;
Append(~data, rec<RecFormat | group:=G, gp_id:=gp_id, signature:=signature, gen_vectors:=gen_vectors_as_perm, conj_classes:=cc, genus:=genus, dimension:=dim, r:=r, g0:=g0, passport_label:= passport_label,gen_vect_label:=gen_vect_label, is_hyperelliptic:=is_hyperelliptic,is_cyclic_trigonal:=is_cyclic_trigonal >);

// Here we add an action to data.
gen_vectors:=[[27, 28, 26, 25, 31, 32, 30, 29, 35, 36, 34, 33, 39, 40, 38, 37, 43, 44, 42, 41, 47, 48, 46, 45, 3, 4, 2, 1, 7, 8, 6, 5, 11, 12, 10, 9, 15, 16, 14, 13, 19, 20, 18, 17, 23, 24, 22, 21], [19, 20, 23, 24, 22, 21, 18, 17, 3, 4, 7, 8, 6, 5, 2, 1, 11, 12, 15, 16, 14, 13, 10, 9, 43, 44, 47, 48, 46, 45, 42, 41, 27, 28, 31, 32, 30, 29, 26, 25, 35, 36, 39, 40, 38, 37, 34, 33], [38, 37, 36, 35, 39, 40, 33, 34, 46, 45, 44, 43, 47, 48, 41, 42, 30, 29, 28, 27, 31, 32, 25, 26, 14, 13, 12, 11, 15, 16, 9, 10, 22, 21, 20, 19, 23, 24, 17, 18, 6, 5, 4, 3, 7, 8, 1, 2]];
cc:=[8,10,13];
gen_vectors_as_perm:=[S!perm : perm in gen_vectors];
passport_label:=8;
gen_vect_label:=1;
is_hyperelliptic:=false;
is_cyclic_trigonal:=false;
Append(~data, rec<RecFormat | group:=G, gp_id:=gp_id, signature:=signature, gen_vectors:=gen_vectors_as_perm, conj_classes:=cc, genus:=genus, dimension:=dim, r:=r, g0:=g0, passport_label:= passport_label,gen_vect_label:=gen_vect_label, is_hyperelliptic:=is_hyperelliptic,is_cyclic_trigonal:=is_cyclic_trigonal >);

// label = 11.30-4.0.6-10-15
// Create group as a permutation group and initialize signature information.
gp_id:=[30,4];
H:=SmallGroup(gp_id[1],gp_id[2]); n:=#H; LP:=[]; LG:=[g : g in H]; for i in [1..n] do x:=LG[i]; Tx:=[LG[j]*x : j in [1..n]]; permL:=[]; for j in [1..n] do for k in [1..n] do if Tx[j] eq LG[k] then permL[j]:=k;  break; end if; end for; end for; Append(~LP,permL); end for; G:=PermutationGroup<n|LP>; 
signature:=[0,6,10,15];
genus:=11;
r:=#signature-1;
g0:=signature[1];
dim:=3*g0-3+r;
S:=Sym(gp_id[1]);

// Here we add an action to data.
gen_vectors:=[[21, 22, 23, 24, 25, 26, 27, 28, 29, 30, 16, 17, 18, 19, 20, 6, 7, 8, 9, 10, 11, 12, 13, 14, 15, 1, 2, 3, 4, 5], [17, 18, 19, 20, 16, 22, 23, 24, 25, 21, 27, 28, 29, 30, 26, 2, 3, 4, 5, 1, 7, 8, 9, 10, 6, 12, 13, 14, 15, 11], [15, 11, 12, 13, 14, 5, 1, 2, 3, 4, 10, 6, 7, 8, 9, 30, 26, 27, 28, 29, 20, 16, 17, 18, 19, 25, 21, 22, 23, 24]];
cc:=[9,11,22];
gen_vectors_as_perm:=[S!perm : perm in gen_vectors];
passport_label:=1;
gen_vect_label:=1;
is_hyperelliptic:=false;
is_cyclic_trigonal:=false;
Append(~data, rec<RecFormat | group:=G, gp_id:=gp_id, signature:=signature, gen_vectors:=gen_vectors_as_perm, conj_classes:=cc, genus:=genus, dimension:=dim, r:=r, g0:=g0, passport_label:= passport_label,gen_vect_label:=gen_vect_label, is_hyperelliptic:=is_hyperelliptic,is_cyclic_trigonal:=is_cyclic_trigonal >);

// Here we add an action to data.
gen_vectors:=[[21, 22, 23, 24, 25, 26, 27, 28, 29, 30, 16, 17, 18, 19, 20, 6, 7, 8, 9, 10, 11, 12, 13, 14, 15, 1, 2, 3, 4, 5], [19, 20, 16, 17, 18, 24, 25, 21, 22, 23, 29, 30, 26, 27, 28, 4, 5, 1, 2, 3, 9, 10, 6, 7, 8, 14, 15, 11, 12, 13], [13, 14, 15, 11, 12, 3, 4, 5, 1, 2, 8, 9, 10, 6, 7, 28, 29, 30, 26, 27, 18, 19, 20, 16, 17, 23, 24, 25, 21, 22]];
cc:=[9,12,16];
gen_vectors_as_perm:=[S!perm : perm in gen_vectors];
passport_label:=2;
gen_vect_label:=1;
is_hyperelliptic:=false;
is_cyclic_trigonal:=false;
Append(~data, rec<RecFormat | group:=G, gp_id:=gp_id, signature:=signature, gen_vectors:=gen_vectors_as_perm, conj_classes:=cc, genus:=genus, dimension:=dim, r:=r, g0:=g0, passport_label:= passport_label,gen_vect_label:=gen_vect_label, is_hyperelliptic:=is_hyperelliptic,is_cyclic_trigonal:=is_cyclic_trigonal >);

// Here we add an action to data.
gen_vectors:=[[21, 22, 23, 24, 25, 26, 27, 28, 29, 30, 16, 17, 18, 19, 20, 6, 7, 8, 9, 10, 11, 12, 13, 14, 15, 1, 2, 3, 4, 5], [18, 19, 20, 16, 17, 23, 24, 25, 21, 22, 28, 29, 30, 26, 27, 3, 4, 5, 1, 2, 8, 9, 10, 6, 7, 13, 14, 15, 11, 12], [14, 15, 11, 12, 13, 4, 5, 1, 2, 3, 9, 10, 6, 7, 8, 29, 30, 26, 27, 28, 19, 20, 16, 17, 18, 24, 25, 21, 22, 23]];
cc:=[9,13,19];
gen_vectors_as_perm:=[S!perm : perm in gen_vectors];
passport_label:=3;
gen_vect_label:=1;
is_hyperelliptic:=false;
is_cyclic_trigonal:=false;
Append(~data, rec<RecFormat | group:=G, gp_id:=gp_id, signature:=signature, gen_vectors:=gen_vectors_as_perm, conj_classes:=cc, genus:=genus, dimension:=dim, r:=r, g0:=g0, passport_label:= passport_label,gen_vect_label:=gen_vect_label, is_hyperelliptic:=is_hyperelliptic,is_cyclic_trigonal:=is_cyclic_trigonal >);

// Here we add an action to data.
gen_vectors:=[[21, 22, 23, 24, 25, 26, 27, 28, 29, 30, 16, 17, 18, 19, 20, 6, 7, 8, 9, 10, 11, 12, 13, 14, 15, 1, 2, 3, 4, 5], [20, 16, 17, 18, 19, 25, 21, 22, 23, 24, 30, 26, 27, 28, 29, 5, 1, 2, 3, 4, 10, 6, 7, 8, 9, 15, 11, 12, 13, 14], [12, 13, 14, 15, 11, 2, 3, 4, 5, 1, 7, 8, 9, 10, 6, 27, 28, 29, 30, 26, 17, 18, 19, 20, 16, 22, 23, 24, 25, 21]];
cc:=[9,14,20];
gen_vectors_as_perm:=[S!perm : perm in gen_vectors];
passport_label:=4;
gen_vect_label:=1;
is_hyperelliptic:=false;
is_cyclic_trigonal:=false;
Append(~data, rec<RecFormat | group:=G, gp_id:=gp_id, signature:=signature, gen_vectors:=gen_vectors_as_perm, conj_classes:=cc, genus:=genus, dimension:=dim, r:=r, g0:=g0, passport_label:= passport_label,gen_vect_label:=gen_vect_label, is_hyperelliptic:=is_hyperelliptic,is_cyclic_trigonal:=is_cyclic_trigonal >);

// Here we add an action to data.
gen_vectors:=[[26, 27, 28, 29, 30, 16, 17, 18, 19, 20, 21, 22, 23, 24, 25, 11, 12, 13, 14, 15, 1, 2, 3, 4, 5, 6, 7, 8, 9, 10], [17, 18, 19, 20, 16, 22, 23, 24, 25, 21, 27, 28, 29, 30, 26, 2, 3, 4, 5, 1, 7, 8, 9, 10, 6, 12, 13, 14, 15, 11], [10, 6, 7, 8, 9, 15, 11, 12, 13, 14, 5, 1, 2, 3, 4, 25, 21, 22, 23, 24, 30, 26, 27, 28, 29, 20, 16, 17, 18, 19]];
cc:=[10,11,17];
gen_vectors_as_perm:=[S!perm : perm in gen_vectors];
passport_label:=5;
gen_vect_label:=1;
is_hyperelliptic:=false;
is_cyclic_trigonal:=false;
Append(~data, rec<RecFormat | group:=G, gp_id:=gp_id, signature:=signature, gen_vectors:=gen_vectors_as_perm, conj_classes:=cc, genus:=genus, dimension:=dim, r:=r, g0:=g0, passport_label:= passport_label,gen_vect_label:=gen_vect_label, is_hyperelliptic:=is_hyperelliptic,is_cyclic_trigonal:=is_cyclic_trigonal >);

// Here we add an action to data.
gen_vectors:=[[26, 27, 28, 29, 30, 16, 17, 18, 19, 20, 21, 22, 23, 24, 25, 11, 12, 13, 14, 15, 1, 2, 3, 4, 5, 6, 7, 8, 9, 10], [19, 20, 16, 17, 18, 24, 25, 21, 22, 23, 29, 30, 26, 27, 28, 4, 5, 1, 2, 3, 9, 10, 6, 7, 8, 14, 15, 11, 12, 13], [8, 9, 10, 6, 7, 13, 14, 15, 11, 12, 3, 4, 5, 1, 2, 23, 24, 25, 21, 22, 28, 29, 30, 26, 27, 18, 19, 20, 16, 17]];
cc:=[10,12,18];
gen_vectors_as_perm:=[S!perm : perm in gen_vectors];
passport_label:=6;
gen_vect_label:=1;
is_hyperelliptic:=false;
is_cyclic_trigonal:=false;
Append(~data, rec<RecFormat | group:=G, gp_id:=gp_id, signature:=signature, gen_vectors:=gen_vectors_as_perm, conj_classes:=cc, genus:=genus, dimension:=dim, r:=r, g0:=g0, passport_label:= passport_label,gen_vect_label:=gen_vect_label, is_hyperelliptic:=is_hyperelliptic,is_cyclic_trigonal:=is_cyclic_trigonal >);

// Here we add an action to data.
gen_vectors:=[[26, 27, 28, 29, 30, 16, 17, 18, 19, 20, 21, 22, 23, 24, 25, 11, 12, 13, 14, 15, 1, 2, 3, 4, 5, 6, 7, 8, 9, 10], [18, 19, 20, 16, 17, 23, 24, 25, 21, 22, 28, 29, 30, 26, 27, 3, 4, 5, 1, 2, 8, 9, 10, 6, 7, 13, 14, 15, 11, 12], [9, 10, 6, 7, 8, 14, 15, 11, 12, 13, 4, 5, 1, 2, 3, 24, 25, 21, 22, 23, 29, 30, 26, 27, 28, 19, 20, 16, 17, 18]];
cc:=[10,13,21];
gen_vectors_as_perm:=[S!perm : perm in gen_vectors];
passport_label:=7;
gen_vect_label:=1;
is_hyperelliptic:=false;
is_cyclic_trigonal:=false;
Append(~data, rec<RecFormat | group:=G, gp_id:=gp_id, signature:=signature, gen_vectors:=gen_vectors_as_perm, conj_classes:=cc, genus:=genus, dimension:=dim, r:=r, g0:=g0, passport_label:= passport_label,gen_vect_label:=gen_vect_label, is_hyperelliptic:=is_hyperelliptic,is_cyclic_trigonal:=is_cyclic_trigonal >);

// Here we add an action to data.
gen_vectors:=[[26, 27, 28, 29, 30, 16, 17, 18, 19, 20, 21, 22, 23, 24, 25, 11, 12, 13, 14, 15, 1, 2, 3, 4, 5, 6, 7, 8, 9, 10], [20, 16, 17, 18, 19, 25, 21, 22, 23, 24, 30, 26, 27, 28, 29, 5, 1, 2, 3, 4, 10, 6, 7, 8, 9, 15, 11, 12, 13, 14], [7, 8, 9, 10, 6, 12, 13, 14, 15, 11, 2, 3, 4, 5, 1, 22, 23, 24, 25, 21, 27, 28, 29, 30, 26, 17, 18, 19, 20, 16]];
cc:=[10,14,15];
gen_vectors_as_perm:=[S!perm : perm in gen_vectors];
passport_label:=8;
gen_vect_label:=1;
is_hyperelliptic:=false;
is_cyclic_trigonal:=false;
Append(~data, rec<RecFormat | group:=G, gp_id:=gp_id, signature:=signature, gen_vectors:=gen_vectors_as_perm, conj_classes:=cc, genus:=genus, dimension:=dim, r:=r, g0:=g0, passport_label:= passport_label,gen_vect_label:=gen_vect_label, is_hyperelliptic:=is_hyperelliptic,is_cyclic_trigonal:=is_cyclic_trigonal >);

// label = 11.46-2.0.2-23-46
// Create group as a permutation group and initialize signature information.
gp_id:=[46,2];
H:=SmallGroup(gp_id[1],gp_id[2]); n:=#H; LP:=[]; LG:=[g : g in H]; for i in [1..n] do x:=LG[i]; Tx:=[LG[j]*x : j in [1..n]]; permL:=[]; for j in [1..n] do for k in [1..n] do if Tx[j] eq LG[k] then permL[j]:=k;  break; end if; end for; end for; Append(~LP,permL); end for; G:=PermutationGroup<n|LP>; 
signature:=[0,2,23,46];
genus:=11;
r:=#signature-1;
g0:=signature[1];
dim:=3*g0-3+r;
S:=Sym(gp_id[1]);

// Here we add an action to data.
gen_vectors:=[[24, 25, 26, 27, 28, 29, 30, 31, 32, 33, 34, 35, 36, 37, 38, 39, 40, 41, 42, 43, 44, 45, 46, 1, 2, 3, 4, 5, 6, 7, 8, 9, 10, 11, 12, 13, 14, 15, 16, 17, 18, 19, 20, 21, 22, 23], [2, 3, 4, 5, 6, 7, 8, 9, 10, 11, 12, 13, 14, 15, 16, 17, 18, 19, 20, 21, 22, 23, 1, 25, 26, 27, 28, 29, 30, 31, 32, 33, 34, 35, 36, 37, 38, 39, 40, 41, 42, 43, 44, 45, 46, 24], [46, 24, 25, 26, 27, 28, 29, 30, 31, 32, 33, 34, 35, 36, 37, 38, 39, 40, 41, 42, 43, 44, 45, 23, 1, 2, 3, 4, 5, 6, 7, 8, 9, 10, 11, 12, 13, 14, 15, 16, 17, 18, 19, 20, 21, 22]];
cc:=[2,3,46];
gen_vectors_as_perm:=[S!perm : perm in gen_vectors];
passport_label:=1;
gen_vect_label:=1;
is_hyperelliptic:=true;
hyp_involution:=S![24, 25, 26, 27, 28, 29, 30, 31, 32, 33, 34, 35, 36, 37, 38, 39, 40, 41, 42, 43, 44, 45, 46, 1, 2, 3, 4, 5, 6, 7, 8, 9, 10, 11, 12, 13, 14, 15, 16, 17, 18, 19, 20, 21, 22, 23];
is_cyclic_trigonal:=false;
Append(~data, rec<RecFormat | group:=G, gp_id:=gp_id, signature:=signature, gen_vectors:=gen_vectors_as_perm, conj_classes:=cc, genus:=genus, dimension:=dim, r:=r, g0:=g0, passport_label:= passport_label,gen_vect_label:=gen_vect_label, is_hyperelliptic:=is_hyperelliptic, hyp_involution:=hyp_involution,is_cyclic_trigonal:=is_cyclic_trigonal >);

// Here we add an action to data.
gen_vectors:=[[24, 25, 26, 27, 28, 29, 30, 31, 32, 33, 34, 35, 36, 37, 38, 39, 40, 41, 42, 43, 44, 45, 46, 1, 2, 3, 4, 5, 6, 7, 8, 9, 10, 11, 12, 13, 14, 15, 16, 17, 18, 19, 20, 21, 22, 23], [3, 4, 5, 6, 7, 8, 9, 10, 11, 12, 13, 14, 15, 16, 17, 18, 19, 20, 21, 22, 23, 1, 2, 26, 27, 28, 29, 30, 31, 32, 33, 34, 35, 36, 37, 38, 39, 40, 41, 42, 43, 44, 45, 46, 24, 25], [45, 46, 24, 25, 26, 27, 28, 29, 30, 31, 32, 33, 34, 35, 36, 37, 38, 39, 40, 41, 42, 43, 44, 22, 23, 1, 2, 3, 4, 5, 6, 7, 8, 9, 10, 11, 12, 13, 14, 15, 16, 17, 18, 19, 20, 21]];
cc:=[2,4,35];
gen_vectors_as_perm:=[S!perm : perm in gen_vectors];
passport_label:=2;
gen_vect_label:=1;
is_hyperelliptic:=true;
hyp_involution:=S![24, 25, 26, 27, 28, 29, 30, 31, 32, 33, 34, 35, 36, 37, 38, 39, 40, 41, 42, 43, 44, 45, 46, 1, 2, 3, 4, 5, 6, 7, 8, 9, 10, 11, 12, 13, 14, 15, 16, 17, 18, 19, 20, 21, 22, 23];
is_cyclic_trigonal:=false;
Append(~data, rec<RecFormat | group:=G, gp_id:=gp_id, signature:=signature, gen_vectors:=gen_vectors_as_perm, conj_classes:=cc, genus:=genus, dimension:=dim, r:=r, g0:=g0, passport_label:= passport_label,gen_vect_label:=gen_vect_label, is_hyperelliptic:=is_hyperelliptic, hyp_involution:=hyp_involution,is_cyclic_trigonal:=is_cyclic_trigonal >);

// Here we add an action to data.
gen_vectors:=[[24, 25, 26, 27, 28, 29, 30, 31, 32, 33, 34, 35, 36, 37, 38, 39, 40, 41, 42, 43, 44, 45, 46, 1, 2, 3, 4, 5, 6, 7, 8, 9, 10, 11, 12, 13, 14, 15, 16, 17, 18, 19, 20, 21, 22, 23], [4, 5, 6, 7, 8, 9, 10, 11, 12, 13, 14, 15, 16, 17, 18, 19, 20, 21, 22, 23, 1, 2, 3, 27, 28, 29, 30, 31, 32, 33, 34, 35, 36, 37, 38, 39, 40, 41, 42, 43, 44, 45, 46, 24, 25, 26], [44, 45, 46, 24, 25, 26, 27, 28, 29, 30, 31, 32, 33, 34, 35, 36, 37, 38, 39, 40, 41, 42, 43, 21, 22, 23, 1, 2, 3, 4, 5, 6, 7, 8, 9, 10, 11, 12, 13, 14, 15, 16, 17, 18, 19, 20]];
cc:=[2,5,45];
gen_vectors_as_perm:=[S!perm : perm in gen_vectors];
passport_label:=3;
gen_vect_label:=1;
is_hyperelliptic:=true;
hyp_involution:=S![24, 25, 26, 27, 28, 29, 30, 31, 32, 33, 34, 35, 36, 37, 38, 39, 40, 41, 42, 43, 44, 45, 46, 1, 2, 3, 4, 5, 6, 7, 8, 9, 10, 11, 12, 13, 14, 15, 16, 17, 18, 19, 20, 21, 22, 23];
is_cyclic_trigonal:=false;
Append(~data, rec<RecFormat | group:=G, gp_id:=gp_id, signature:=signature, gen_vectors:=gen_vectors_as_perm, conj_classes:=cc, genus:=genus, dimension:=dim, r:=r, g0:=g0, passport_label:= passport_label,gen_vect_label:=gen_vect_label, is_hyperelliptic:=is_hyperelliptic, hyp_involution:=hyp_involution,is_cyclic_trigonal:=is_cyclic_trigonal >);

// Here we add an action to data.
gen_vectors:=[[24, 25, 26, 27, 28, 29, 30, 31, 32, 33, 34, 35, 36, 37, 38, 39, 40, 41, 42, 43, 44, 45, 46, 1, 2, 3, 4, 5, 6, 7, 8, 9, 10, 11, 12, 13, 14, 15, 16, 17, 18, 19, 20, 21, 22, 23], [5, 6, 7, 8, 9, 10, 11, 12, 13, 14, 15, 16, 17, 18, 19, 20, 21, 22, 23, 1, 2, 3, 4, 28, 29, 30, 31, 32, 33, 34, 35, 36, 37, 38, 39, 40, 41, 42, 43, 44, 45, 46, 24, 25, 26, 27], [43, 44, 45, 46, 24, 25, 26, 27, 28, 29, 30, 31, 32, 33, 34, 35, 36, 37, 38, 39, 40, 41, 42, 20, 21, 22, 23, 1, 2, 3, 4, 5, 6, 7, 8, 9, 10, 11, 12, 13, 14, 15, 16, 17, 18, 19]];
cc:=[2,6,34];
gen_vectors_as_perm:=[S!perm : perm in gen_vectors];
passport_label:=4;
gen_vect_label:=1;
is_hyperelliptic:=true;
hyp_involution:=S![24, 25, 26, 27, 28, 29, 30, 31, 32, 33, 34, 35, 36, 37, 38, 39, 40, 41, 42, 43, 44, 45, 46, 1, 2, 3, 4, 5, 6, 7, 8, 9, 10, 11, 12, 13, 14, 15, 16, 17, 18, 19, 20, 21, 22, 23];
is_cyclic_trigonal:=false;
Append(~data, rec<RecFormat | group:=G, gp_id:=gp_id, signature:=signature, gen_vectors:=gen_vectors_as_perm, conj_classes:=cc, genus:=genus, dimension:=dim, r:=r, g0:=g0, passport_label:= passport_label,gen_vect_label:=gen_vect_label, is_hyperelliptic:=is_hyperelliptic, hyp_involution:=hyp_involution,is_cyclic_trigonal:=is_cyclic_trigonal >);

// Here we add an action to data.
gen_vectors:=[[24, 25, 26, 27, 28, 29, 30, 31, 32, 33, 34, 35, 36, 37, 38, 39, 40, 41, 42, 43, 44, 45, 46, 1, 2, 3, 4, 5, 6, 7, 8, 9, 10, 11, 12, 13, 14, 15, 16, 17, 18, 19, 20, 21, 22, 23], [6, 7, 8, 9, 10, 11, 12, 13, 14, 15, 16, 17, 18, 19, 20, 21, 22, 23, 1, 2, 3, 4, 5, 29, 30, 31, 32, 33, 34, 35, 36, 37, 38, 39, 40, 41, 42, 43, 44, 45, 46, 24, 25, 26, 27, 28], [42, 43, 44, 45, 46, 24, 25, 26, 27, 28, 29, 30, 31, 32, 33, 34, 35, 36, 37, 38, 39, 40, 41, 19, 20, 21, 22, 23, 1, 2, 3, 4, 5, 6, 7, 8, 9, 10, 11, 12, 13, 14, 15, 16, 17, 18]];
cc:=[2,7,44];
gen_vectors_as_perm:=[S!perm : perm in gen_vectors];
passport_label:=5;
gen_vect_label:=1;
is_hyperelliptic:=true;
hyp_involution:=S![24, 25, 26, 27, 28, 29, 30, 31, 32, 33, 34, 35, 36, 37, 38, 39, 40, 41, 42, 43, 44, 45, 46, 1, 2, 3, 4, 5, 6, 7, 8, 9, 10, 11, 12, 13, 14, 15, 16, 17, 18, 19, 20, 21, 22, 23];
is_cyclic_trigonal:=false;
Append(~data, rec<RecFormat | group:=G, gp_id:=gp_id, signature:=signature, gen_vectors:=gen_vectors_as_perm, conj_classes:=cc, genus:=genus, dimension:=dim, r:=r, g0:=g0, passport_label:= passport_label,gen_vect_label:=gen_vect_label, is_hyperelliptic:=is_hyperelliptic, hyp_involution:=hyp_involution,is_cyclic_trigonal:=is_cyclic_trigonal >);

// Here we add an action to data.
gen_vectors:=[[24, 25, 26, 27, 28, 29, 30, 31, 32, 33, 34, 35, 36, 37, 38, 39, 40, 41, 42, 43, 44, 45, 46, 1, 2, 3, 4, 5, 6, 7, 8, 9, 10, 11, 12, 13, 14, 15, 16, 17, 18, 19, 20, 21, 22, 23], [7, 8, 9, 10, 11, 12, 13, 14, 15, 16, 17, 18, 19, 20, 21, 22, 23, 1, 2, 3, 4, 5, 6, 30, 31, 32, 33, 34, 35, 36, 37, 38, 39, 40, 41, 42, 43, 44, 45, 46, 24, 25, 26, 27, 28, 29], [41, 42, 43, 44, 45, 46, 24, 25, 26, 27, 28, 29, 30, 31, 32, 33, 34, 35, 36, 37, 38, 39, 40, 18, 19, 20, 21, 22, 23, 1, 2, 3, 4, 5, 6, 7, 8, 9, 10, 11, 12, 13, 14, 15, 16, 17]];
cc:=[2,8,33];
gen_vectors_as_perm:=[S!perm : perm in gen_vectors];
passport_label:=6;
gen_vect_label:=1;
is_hyperelliptic:=true;
hyp_involution:=S![24, 25, 26, 27, 28, 29, 30, 31, 32, 33, 34, 35, 36, 37, 38, 39, 40, 41, 42, 43, 44, 45, 46, 1, 2, 3, 4, 5, 6, 7, 8, 9, 10, 11, 12, 13, 14, 15, 16, 17, 18, 19, 20, 21, 22, 23];
is_cyclic_trigonal:=false;
Append(~data, rec<RecFormat | group:=G, gp_id:=gp_id, signature:=signature, gen_vectors:=gen_vectors_as_perm, conj_classes:=cc, genus:=genus, dimension:=dim, r:=r, g0:=g0, passport_label:= passport_label,gen_vect_label:=gen_vect_label, is_hyperelliptic:=is_hyperelliptic, hyp_involution:=hyp_involution,is_cyclic_trigonal:=is_cyclic_trigonal >);

// Here we add an action to data.
gen_vectors:=[[24, 25, 26, 27, 28, 29, 30, 31, 32, 33, 34, 35, 36, 37, 38, 39, 40, 41, 42, 43, 44, 45, 46, 1, 2, 3, 4, 5, 6, 7, 8, 9, 10, 11, 12, 13, 14, 15, 16, 17, 18, 19, 20, 21, 22, 23], [8, 9, 10, 11, 12, 13, 14, 15, 16, 17, 18, 19, 20, 21, 22, 23, 1, 2, 3, 4, 5, 6, 7, 31, 32, 33, 34, 35, 36, 37, 38, 39, 40, 41, 42, 43, 44, 45, 46, 24, 25, 26, 27, 28, 29, 30], [40, 41, 42, 43, 44, 45, 46, 24, 25, 26, 27, 28, 29, 30, 31, 32, 33, 34, 35, 36, 37, 38, 39, 17, 18, 19, 20, 21, 22, 23, 1, 2, 3, 4, 5, 6, 7, 8, 9, 10, 11, 12, 13, 14, 15, 16]];
cc:=[2,9,43];
gen_vectors_as_perm:=[S!perm : perm in gen_vectors];
passport_label:=7;
gen_vect_label:=1;
is_hyperelliptic:=true;
hyp_involution:=S![24, 25, 26, 27, 28, 29, 30, 31, 32, 33, 34, 35, 36, 37, 38, 39, 40, 41, 42, 43, 44, 45, 46, 1, 2, 3, 4, 5, 6, 7, 8, 9, 10, 11, 12, 13, 14, 15, 16, 17, 18, 19, 20, 21, 22, 23];
is_cyclic_trigonal:=false;
Append(~data, rec<RecFormat | group:=G, gp_id:=gp_id, signature:=signature, gen_vectors:=gen_vectors_as_perm, conj_classes:=cc, genus:=genus, dimension:=dim, r:=r, g0:=g0, passport_label:= passport_label,gen_vect_label:=gen_vect_label, is_hyperelliptic:=is_hyperelliptic, hyp_involution:=hyp_involution,is_cyclic_trigonal:=is_cyclic_trigonal >);

// Here we add an action to data.
gen_vectors:=[[24, 25, 26, 27, 28, 29, 30, 31, 32, 33, 34, 35, 36, 37, 38, 39, 40, 41, 42, 43, 44, 45, 46, 1, 2, 3, 4, 5, 6, 7, 8, 9, 10, 11, 12, 13, 14, 15, 16, 17, 18, 19, 20, 21, 22, 23], [9, 10, 11, 12, 13, 14, 15, 16, 17, 18, 19, 20, 21, 22, 23, 1, 2, 3, 4, 5, 6, 7, 8, 32, 33, 34, 35, 36, 37, 38, 39, 40, 41, 42, 43, 44, 45, 46, 24, 25, 26, 27, 28, 29, 30, 31], [39, 40, 41, 42, 43, 44, 45, 46, 24, 25, 26, 27, 28, 29, 30, 31, 32, 33, 34, 35, 36, 37, 38, 16, 17, 18, 19, 20, 21, 22, 23, 1, 2, 3, 4, 5, 6, 7, 8, 9, 10, 11, 12, 13, 14, 15]];
cc:=[2,10,32];
gen_vectors_as_perm:=[S!perm : perm in gen_vectors];
passport_label:=8;
gen_vect_label:=1;
is_hyperelliptic:=true;
hyp_involution:=S![24, 25, 26, 27, 28, 29, 30, 31, 32, 33, 34, 35, 36, 37, 38, 39, 40, 41, 42, 43, 44, 45, 46, 1, 2, 3, 4, 5, 6, 7, 8, 9, 10, 11, 12, 13, 14, 15, 16, 17, 18, 19, 20, 21, 22, 23];
is_cyclic_trigonal:=false;
Append(~data, rec<RecFormat | group:=G, gp_id:=gp_id, signature:=signature, gen_vectors:=gen_vectors_as_perm, conj_classes:=cc, genus:=genus, dimension:=dim, r:=r, g0:=g0, passport_label:= passport_label,gen_vect_label:=gen_vect_label, is_hyperelliptic:=is_hyperelliptic, hyp_involution:=hyp_involution,is_cyclic_trigonal:=is_cyclic_trigonal >);

// Here we add an action to data.
gen_vectors:=[[24, 25, 26, 27, 28, 29, 30, 31, 32, 33, 34, 35, 36, 37, 38, 39, 40, 41, 42, 43, 44, 45, 46, 1, 2, 3, 4, 5, 6, 7, 8, 9, 10, 11, 12, 13, 14, 15, 16, 17, 18, 19, 20, 21, 22, 23], [10, 11, 12, 13, 14, 15, 16, 17, 18, 19, 20, 21, 22, 23, 1, 2, 3, 4, 5, 6, 7, 8, 9, 33, 34, 35, 36, 37, 38, 39, 40, 41, 42, 43, 44, 45, 46, 24, 25, 26, 27, 28, 29, 30, 31, 32], [38, 39, 40, 41, 42, 43, 44, 45, 46, 24, 25, 26, 27, 28, 29, 30, 31, 32, 33, 34, 35, 36, 37, 15, 16, 17, 18, 19, 20, 21, 22, 23, 1, 2, 3, 4, 5, 6, 7, 8, 9, 10, 11, 12, 13, 14]];
cc:=[2,11,42];
gen_vectors_as_perm:=[S!perm : perm in gen_vectors];
passport_label:=9;
gen_vect_label:=1;
is_hyperelliptic:=true;
hyp_involution:=S![24, 25, 26, 27, 28, 29, 30, 31, 32, 33, 34, 35, 36, 37, 38, 39, 40, 41, 42, 43, 44, 45, 46, 1, 2, 3, 4, 5, 6, 7, 8, 9, 10, 11, 12, 13, 14, 15, 16, 17, 18, 19, 20, 21, 22, 23];
is_cyclic_trigonal:=false;
Append(~data, rec<RecFormat | group:=G, gp_id:=gp_id, signature:=signature, gen_vectors:=gen_vectors_as_perm, conj_classes:=cc, genus:=genus, dimension:=dim, r:=r, g0:=g0, passport_label:= passport_label,gen_vect_label:=gen_vect_label, is_hyperelliptic:=is_hyperelliptic, hyp_involution:=hyp_involution,is_cyclic_trigonal:=is_cyclic_trigonal >);

// Here we add an action to data.
gen_vectors:=[[24, 25, 26, 27, 28, 29, 30, 31, 32, 33, 34, 35, 36, 37, 38, 39, 40, 41, 42, 43, 44, 45, 46, 1, 2, 3, 4, 5, 6, 7, 8, 9, 10, 11, 12, 13, 14, 15, 16, 17, 18, 19, 20, 21, 22, 23], [11, 12, 13, 14, 15, 16, 17, 18, 19, 20, 21, 22, 23, 1, 2, 3, 4, 5, 6, 7, 8, 9, 10, 34, 35, 36, 37, 38, 39, 40, 41, 42, 43, 44, 45, 46, 24, 25, 26, 27, 28, 29, 30, 31, 32, 33], [37, 38, 39, 40, 41, 42, 43, 44, 45, 46, 24, 25, 26, 27, 28, 29, 30, 31, 32, 33, 34, 35, 36, 14, 15, 16, 17, 18, 19, 20, 21, 22, 23, 1, 2, 3, 4, 5, 6, 7, 8, 9, 10, 11, 12, 13]];
cc:=[2,12,31];
gen_vectors_as_perm:=[S!perm : perm in gen_vectors];
passport_label:=10;
gen_vect_label:=1;
is_hyperelliptic:=true;
hyp_involution:=S![24, 25, 26, 27, 28, 29, 30, 31, 32, 33, 34, 35, 36, 37, 38, 39, 40, 41, 42, 43, 44, 45, 46, 1, 2, 3, 4, 5, 6, 7, 8, 9, 10, 11, 12, 13, 14, 15, 16, 17, 18, 19, 20, 21, 22, 23];
is_cyclic_trigonal:=false;
Append(~data, rec<RecFormat | group:=G, gp_id:=gp_id, signature:=signature, gen_vectors:=gen_vectors_as_perm, conj_classes:=cc, genus:=genus, dimension:=dim, r:=r, g0:=g0, passport_label:= passport_label,gen_vect_label:=gen_vect_label, is_hyperelliptic:=is_hyperelliptic, hyp_involution:=hyp_involution,is_cyclic_trigonal:=is_cyclic_trigonal >);

// Here we add an action to data.
gen_vectors:=[[24, 25, 26, 27, 28, 29, 30, 31, 32, 33, 34, 35, 36, 37, 38, 39, 40, 41, 42, 43, 44, 45, 46, 1, 2, 3, 4, 5, 6, 7, 8, 9, 10, 11, 12, 13, 14, 15, 16, 17, 18, 19, 20, 21, 22, 23], [12, 13, 14, 15, 16, 17, 18, 19, 20, 21, 22, 23, 1, 2, 3, 4, 5, 6, 7, 8, 9, 10, 11, 35, 36, 37, 38, 39, 40, 41, 42, 43, 44, 45, 46, 24, 25, 26, 27, 28, 29, 30, 31, 32, 33, 34], [36, 37, 38, 39, 40, 41, 42, 43, 44, 45, 46, 24, 25, 26, 27, 28, 29, 30, 31, 32, 33, 34, 35, 13, 14, 15, 16, 17, 18, 19, 20, 21, 22, 23, 1, 2, 3, 4, 5, 6, 7, 8, 9, 10, 11, 12]];
cc:=[2,13,41];
gen_vectors_as_perm:=[S!perm : perm in gen_vectors];
passport_label:=11;
gen_vect_label:=1;
is_hyperelliptic:=true;
