// Magma CODE FOR SEARCH RESULTS

// The results are stored in a list of records called 'data'

RecFormat:=recformat<group,gp_id, signature,gen_vectors,conj_classes,genus,dimension,r,g0, passport_label,gen_vect_label, is_hyperelliptic, hyp_involution, is_cyclic_trigonal,cyc_auto,full_auto, full_sign,topological_class,braid_class>;

data:=[];

// label = 12.60-11.0.2-10-30
// Create group as a permutation group and initialize signature information.
gp_id:=[60,11];
H:=SmallGroup(gp_id[1],gp_id[2]); n:=#H; LP:=[]; LG:=[g : g in H]; for i in [1..n] do x:=LG[i]; Tx:=[LG[j]*x : j in [1..n]]; permL:=[]; for j in [1..n] do for k in [1..n] do if Tx[j] eq LG[k] then permL[j]:=k;  break; end if; end for; end for; Append(~LP,permL); end for; G:=PermutationGroup<n|LP>; 
signature:=[0,2,10,30];
genus:=12;
r:=#signature-1;
g0:=signature[1];
dim:=3*g0-3+r;
S:=Sym(gp_id[1]);

// Here we add an action to data.
gen_vectors:=[[31, 33, 32, 34, 36, 35, 37, 39, 38, 40, 42, 41, 43, 45, 44, 46, 48, 47, 49, 51, 50, 52, 54, 53, 55, 57, 56, 58, 60, 59, 1, 3, 2, 4, 6, 5, 7, 9, 8, 10, 12, 11, 13, 15, 14, 16, 18, 17, 19, 21, 20, 22, 24, 23, 25, 27, 26, 28, 30, 29], [51, 50, 49, 54, 53, 52, 57, 56, 55, 60, 59, 58, 48, 47, 46, 36, 35, 34, 39, 38, 37, 42, 41, 40, 45, 44, 43, 33, 32, 31, 21, 20, 19, 24, 23, 22, 27, 26, 25, 30, 29, 28, 18, 17, 16, 6, 5, 4, 9, 8, 7, 12, 11, 10, 15, 14, 13, 3, 2, 1], [29, 30, 28, 17, 18, 16, 20, 21, 19, 23, 24, 22, 26, 27, 25, 14, 15, 13, 2, 3, 1, 5, 6, 4, 8, 9, 7, 11, 12, 10, 59, 60, 58, 47, 48, 46, 50, 51, 49, 53, 54, 52, 56, 57, 55, 44, 45, 43, 32, 33, 31, 35, 36, 34, 38, 39, 37, 41, 42, 40]];
cc:=[3,19,30];
gen_vectors_as_perm:=[S!perm : perm in gen_vectors];
passport_label:=1;
gen_vect_label:=1;
is_hyperelliptic:=false;
is_cyclic_trigonal:=false;
Append(~data, rec<RecFormat | group:=G, gp_id:=gp_id, signature:=signature, gen_vectors:=gen_vectors_as_perm, conj_classes:=cc, genus:=genus, dimension:=dim, r:=r, g0:=g0, passport_label:= passport_label,gen_vect_label:=gen_vect_label, is_hyperelliptic:=is_hyperelliptic,is_cyclic_trigonal:=is_cyclic_trigonal >);

// Here we add an action to data.
gen_vectors:=[[31, 33, 32, 34, 36, 35, 37, 39, 38, 40, 42, 41, 43, 45, 44, 46, 48, 47, 49, 51, 50, 52, 54, 53, 55, 57, 56, 58, 60, 59, 1, 3, 2, 4, 6, 5, 7, 9, 8, 10, 12, 11, 13, 15, 14, 16, 18, 17, 19, 21, 20, 22, 24, 23, 25, 27, 26, 28, 30, 29], [57, 56, 55, 60, 59, 58, 48, 47, 46, 51, 50, 49, 54, 53, 52, 42, 41, 40, 45, 44, 43, 33, 32, 31, 36, 35, 34, 39, 38, 37, 27, 26, 25, 30, 29, 28, 18, 17, 16, 21, 20, 19, 24, 23, 22, 12, 11, 10, 15, 14, 13, 3, 2, 1, 6, 5, 4, 9, 8, 7], [23, 24, 22, 26, 27, 25, 29, 30, 28, 17, 18, 16, 20, 21, 19, 8, 9, 7, 11, 12, 10, 14, 15, 13, 2, 3, 1, 5, 6, 4, 53, 54, 52, 56, 57, 55, 59, 60, 58, 47, 48, 46, 50, 51, 49, 38, 39, 37, 41, 42, 40, 44, 45, 43, 32, 33, 31, 35, 36, 34]];
cc:=[3,20,28];
gen_vectors_as_perm:=[S!perm : perm in gen_vectors];
passport_label:=2;
gen_vect_label:=1;
is_hyperelliptic:=false;
is_cyclic_trigonal:=false;
Append(~data, rec<RecFormat | group:=G, gp_id:=gp_id, signature:=signature, gen_vectors:=gen_vectors_as_perm, conj_classes:=cc, genus:=genus, dimension:=dim, r:=r, g0:=g0, passport_label:= passport_label,gen_vect_label:=gen_vect_label, is_hyperelliptic:=is_hyperelliptic,is_cyclic_trigonal:=is_cyclic_trigonal >);

// Here we add an action to data.
gen_vectors:=[[31, 33, 32, 34, 36, 35, 37, 39, 38, 40, 42, 41, 43, 45, 44, 46, 48, 47, 49, 51, 50, 52, 54, 53, 55, 57, 56, 58, 60, 59, 1, 3, 2, 4, 6, 5, 7, 9, 8, 10, 12, 11, 13, 15, 14, 16, 18, 17, 19, 21, 20, 22, 24, 23, 25, 27, 26, 28, 30, 29], [54, 53, 52, 57, 56, 55, 60, 59, 58, 48, 47, 46, 51, 50, 49, 39, 38, 37, 42, 41, 40, 45, 44, 43, 33, 32, 31, 36, 35, 34, 24, 23, 22, 27, 26, 25, 30, 29, 28, 18, 17, 16, 21, 20, 19, 9, 8, 7, 12, 11, 10, 15, 14, 13, 3, 2, 1, 6, 5, 4], [26, 27, 25, 29, 30, 28, 17, 18, 16, 20, 21, 19, 23, 24, 22, 11, 12, 10, 14, 15, 13, 2, 3, 1, 5, 6, 4, 8, 9, 7, 56, 57, 55, 59, 60, 58, 47, 48, 46, 50, 51, 49, 53, 54, 52, 41, 42, 40, 44, 45, 43, 32, 33, 31, 35, 36, 34, 38, 39, 37]];
cc:=[3,21,29];
gen_vectors_as_perm:=[S!perm : perm in gen_vectors];
passport_label:=3;
gen_vect_label:=1;
is_hyperelliptic:=false;
is_cyclic_trigonal:=false;
Append(~data, rec<RecFormat | group:=G, gp_id:=gp_id, signature:=signature, gen_vectors:=gen_vectors_as_perm, conj_classes:=cc, genus:=genus, dimension:=dim, r:=r, g0:=g0, passport_label:= passport_label,gen_vect_label:=gen_vect_label, is_hyperelliptic:=is_hyperelliptic,is_cyclic_trigonal:=is_cyclic_trigonal >);

// Here we add an action to data.
gen_vectors:=[[31, 33, 32, 34, 36, 35, 37, 39, 38, 40, 42, 41, 43, 45, 44, 46, 48, 47, 49, 51, 50, 52, 54, 53, 55, 57, 56, 58, 60, 59, 1, 3, 2, 4, 6, 5, 7, 9, 8, 10, 12, 11, 13, 15, 14, 16, 18, 17, 19, 21, 20, 22, 24, 23, 25, 27, 26, 28, 30, 29], [60, 59, 58, 48, 47, 46, 51, 50, 49, 54, 53, 52, 57, 56, 55, 45, 44, 43, 33, 32, 31, 36, 35, 34, 39, 38, 37, 42, 41, 40, 30, 29, 28, 18, 17, 16, 21, 20, 19, 24, 23, 22, 27, 26, 25, 15, 14, 13, 3, 2, 1, 6, 5, 4, 9, 8, 7, 12, 11, 10], [20, 21, 19, 23, 24, 22, 26, 27, 25, 29, 30, 28, 17, 18, 16, 5, 6, 4, 8, 9, 7, 11, 12, 10, 14, 15, 13, 2, 3, 1, 50, 51, 49, 53, 54, 52, 56, 57, 55, 59, 60, 58, 47, 48, 46, 35, 36, 34, 38, 39, 37, 41, 42, 40, 44, 45, 43, 32, 33, 31]];
cc:=[3,22,27];
gen_vectors_as_perm:=[S!perm : perm in gen_vectors];
passport_label:=4;
gen_vect_label:=1;
is_hyperelliptic:=false;
is_cyclic_trigonal:=false;
Append(~data, rec<RecFormat | group:=G, gp_id:=gp_id, signature:=signature, gen_vectors:=gen_vectors_as_perm, conj_classes:=cc, genus:=genus, dimension:=dim, r:=r, g0:=g0, passport_label:= passport_label,gen_vect_label:=gen_vect_label, is_hyperelliptic:=is_hyperelliptic,is_cyclic_trigonal:=is_cyclic_trigonal >);

// Here we add an action to data.
gen_vectors:=[[46, 48, 47, 49, 51, 50, 52, 54, 53, 55, 57, 56, 58, 60, 59, 31, 33, 32, 34, 36, 35, 37, 39, 38, 40, 42, 41, 43, 45, 44, 16, 18, 17, 19, 21, 20, 22, 24, 23, 25, 27, 26, 28, 30, 29, 1, 3, 2, 4, 6, 5, 7, 9, 8, 10, 12, 11, 13, 15, 14], [36, 35, 34, 39, 38, 37, 42, 41, 40, 45, 44, 43, 33, 32, 31, 51, 50, 49, 54, 53, 52, 57, 56, 55, 60, 59, 58, 48, 47, 46, 6, 5, 4, 9, 8, 7, 12, 11, 10, 15, 14, 13, 3, 2, 1, 21, 20, 19, 24, 23, 22, 27, 26, 25, 30, 29, 28, 18, 17, 16], [29, 30, 28, 17, 18, 16, 20, 21, 19, 23, 24, 22, 26, 27, 25, 14, 15, 13, 2, 3, 1, 5, 6, 4, 8, 9, 7, 11, 12, 10, 59, 60, 58, 47, 48, 46, 50, 51, 49, 53, 54, 52, 56, 57, 55, 44, 45, 43, 32, 33, 31, 35, 36, 34, 38, 39, 37, 41, 42, 40]];
cc:=[4,15,30];
gen_vectors_as_perm:=[S!perm : perm in gen_vectors];
passport_label:=5;
gen_vect_label:=1;
is_hyperelliptic:=false;
is_cyclic_trigonal:=false;
Append(~data, rec<RecFormat | group:=G, gp_id:=gp_id, signature:=signature, gen_vectors:=gen_vectors_as_perm, conj_classes:=cc, genus:=genus, dimension:=dim, r:=r, g0:=g0, passport_label:= passport_label,gen_vect_label:=gen_vect_label, is_hyperelliptic:=is_hyperelliptic,is_cyclic_trigonal:=is_cyclic_trigonal >);

// Here we add an action to data.
gen_vectors:=[[46, 48, 47, 49, 51, 50, 52, 54, 53, 55, 57, 56, 58, 60, 59, 31, 33, 32, 34, 36, 35, 37, 39, 38, 40, 42, 41, 43, 45, 44, 16, 18, 17, 19, 21, 20, 22, 24, 23, 25, 27, 26, 28, 30, 29, 1, 3, 2, 4, 6, 5, 7, 9, 8, 10, 12, 11, 13, 15, 14], [42, 41, 40, 45, 44, 43, 33, 32, 31, 36, 35, 34, 39, 38, 37, 57, 56, 55, 60, 59, 58, 48, 47, 46, 51, 50, 49, 54, 53, 52, 12, 11, 10, 15, 14, 13, 3, 2, 1, 6, 5, 4, 9, 8, 7, 27, 26, 25, 30, 29, 28, 18, 17, 16, 21, 20, 19, 24, 23, 22], [23, 24, 22, 26, 27, 25, 29, 30, 28, 17, 18, 16, 20, 21, 19, 8, 9, 7, 11, 12, 10, 14, 15, 13, 2, 3, 1, 5, 6, 4, 53, 54, 52, 56, 57, 55, 59, 60, 58, 47, 48, 46, 50, 51, 49, 38, 39, 37, 41, 42, 40, 44, 45, 43, 32, 33, 31, 35, 36, 34]];
cc:=[4,16,28];
gen_vectors_as_perm:=[S!perm : perm in gen_vectors];
passport_label:=6;
gen_vect_label:=1;
is_hyperelliptic:=false;
is_cyclic_trigonal:=false;
Append(~data, rec<RecFormat | group:=G, gp_id:=gp_id, signature:=signature, gen_vectors:=gen_vectors_as_perm, conj_classes:=cc, genus:=genus, dimension:=dim, r:=r, g0:=g0, passport_label:= passport_label,gen_vect_label:=gen_vect_label, is_hyperelliptic:=is_hyperelliptic,is_cyclic_trigonal:=is_cyclic_trigonal >);

// Here we add an action to data.
gen_vectors:=[[46, 48, 47, 49, 51, 50, 52, 54, 53, 55, 57, 56, 58, 60, 59, 31, 33, 32, 34, 36, 35, 37, 39, 38, 40, 42, 41, 43, 45, 44, 16, 18, 17, 19, 21, 20, 22, 24, 23, 25, 27, 26, 28, 30, 29, 1, 3, 2, 4, 6, 5, 7, 9, 8, 10, 12, 11, 13, 15, 14], [39, 38, 37, 42, 41, 40, 45, 44, 43, 33, 32, 31, 36, 35, 34, 54, 53, 52, 57, 56, 55, 60, 59, 58, 48, 47, 46, 51, 50, 49, 9, 8, 7, 12, 11, 10, 15, 14, 13, 3, 2, 1, 6, 5, 4, 24, 23, 22, 27, 26, 25, 30, 29, 28, 18, 17, 16, 21, 20, 19], [26, 27, 25, 29, 30, 28, 17, 18, 16, 20, 21, 19, 23, 24, 22, 11, 12, 10, 14, 15, 13, 2, 3, 1, 5, 6, 4, 8, 9, 7, 56, 57, 55, 59, 60, 58, 47, 48, 46, 50, 51, 49, 53, 54, 52, 41, 42, 40, 44, 45, 43, 32, 33, 31, 35, 36, 34, 38, 39, 37]];
cc:=[4,17,29];
gen_vectors_as_perm:=[S!perm : perm in gen_vectors];
passport_label:=7;
gen_vect_label:=1;
is_hyperelliptic:=false;
is_cyclic_trigonal:=false;
Append(~data, rec<RecFormat | group:=G, gp_id:=gp_id, signature:=signature, gen_vectors:=gen_vectors_as_perm, conj_classes:=cc, genus:=genus, dimension:=dim, r:=r, g0:=g0, passport_label:= passport_label,gen_vect_label:=gen_vect_label, is_hyperelliptic:=is_hyperelliptic,is_cyclic_trigonal:=is_cyclic_trigonal >);

// Here we add an action to data.
gen_vectors:=[[46, 48, 47, 49, 51, 50, 52, 54, 53, 55, 57, 56, 58, 60, 59, 31, 33, 32, 34, 36, 35, 37, 39, 38, 40, 42, 41, 43, 45, 44, 16, 18, 17, 19, 21, 20, 22, 24, 23, 25, 27, 26, 28, 30, 29, 1, 3, 2, 4, 6, 5, 7, 9, 8, 10, 12, 11, 13, 15, 14], [45, 44, 43, 33, 32, 31, 36, 35, 34, 39, 38, 37, 42, 41, 40, 60, 59, 58, 48, 47, 46, 51, 50, 49, 54, 53, 52, 57, 56, 55, 15, 14, 13, 3, 2, 1, 6, 5, 4, 9, 8, 7, 12, 11, 10, 30, 29, 28, 18, 17, 16, 21, 20, 19, 24, 23, 22, 27, 26, 25], [20, 21, 19, 23, 24, 22, 26, 27, 25, 29, 30, 28, 17, 18, 16, 5, 6, 4, 8, 9, 7, 11, 12, 10, 14, 15, 13, 2, 3, 1, 50, 51, 49, 53, 54, 52, 56, 57, 55, 59, 60, 58, 47, 48, 46, 35, 36, 34, 38, 39, 37, 41, 42, 40, 44, 45, 43, 32, 33, 31]];
cc:=[4,18,27];
gen_vectors_as_perm:=[S!perm : perm in gen_vectors];
passport_label:=8;
gen_vect_label:=1;
is_hyperelliptic:=false;
is_cyclic_trigonal:=false;
Append(~data, rec<RecFormat | group:=G, gp_id:=gp_id, signature:=signature, gen_vectors:=gen_vectors_as_perm, conj_classes:=cc, genus:=genus, dimension:=dim, r:=r, g0:=g0, passport_label:= passport_label,gen_vect_label:=gen_vect_label, is_hyperelliptic:=is_hyperelliptic,is_cyclic_trigonal:=is_cyclic_trigonal >);

// label = 12.27-1.0.9-27-27
// Create group as a permutation group and initialize signature information.
gp_id:=[27,1];
H:=SmallGroup(gp_id[1],gp_id[2]); n:=#H; LP:=[]; LG:=[g : g in H]; for i in [1..n] do x:=LG[i]; Tx:=[LG[j]*x : j in [1..n]]; permL:=[]; for j in [1..n] do for k in [1..n] do if Tx[j] eq LG[k] then permL[j]:=k;  break; end if; end for; end for; Append(~LP,permL); end for; G:=PermutationGroup<n|LP>; 
signature:=[0,9,27,27];
genus:=12;
r:=#signature-1;
g0:=signature[1];
dim:=3*g0-3+r;
S:=Sym(gp_id[1]);

// Here we add an action to data.
gen_vectors:=[[4, 5, 6, 7, 8, 9, 2, 3, 1, 13, 14, 15, 16, 17, 18, 11, 12, 10, 22, 23, 24, 25, 26, 27, 20, 21, 19], [10, 11, 12, 13, 14, 15, 16, 17, 18, 19, 20, 21, 22, 23, 24, 25, 26, 27, 4, 5, 6, 7, 8, 9, 2, 3, 1], [24, 22, 23, 27, 25, 26, 19, 20, 21, 9, 7, 8, 1, 2, 3, 4, 5, 6, 18, 16, 17, 10, 11, 12, 13, 14, 15]];
cc:=[4,10,25];
gen_vectors_as_perm:=[S!perm : perm in gen_vectors];
passport_label:=1;
gen_vect_label:=1;
is_hyperelliptic:=false;
is_cyclic_trigonal:=false;
Append(~data, rec<RecFormat | group:=G, gp_id:=gp_id, signature:=signature, gen_vectors:=gen_vectors_as_perm, conj_classes:=cc, genus:=genus, dimension:=dim, r:=r, g0:=g0, passport_label:= passport_label,gen_vect_label:=gen_vect_label, is_hyperelliptic:=is_hyperelliptic,is_cyclic_trigonal:=is_cyclic_trigonal >);

// Here we add an action to data.
gen_vectors:=[[4, 5, 6, 7, 8, 9, 2, 3, 1, 13, 14, 15, 16, 17, 18, 11, 12, 10, 22, 23, 24, 25, 26, 27, 20, 21, 19], [19, 20, 21, 22, 23, 24, 25, 26, 27, 4, 5, 6, 7, 8, 9, 2, 3, 1, 13, 14, 15, 16, 17, 18, 11, 12, 10], [15, 13, 14, 18, 16, 17, 10, 11, 12, 24, 22, 23, 27, 25, 26, 19, 20, 21, 9, 7, 8, 1, 2, 3, 4, 5, 6]];
cc:=[4,11,24];
gen_vectors_as_perm:=[S!perm : perm in gen_vectors];
passport_label:=2;
gen_vect_label:=1;
is_hyperelliptic:=false;
is_cyclic_trigonal:=false;
Append(~data, rec<RecFormat | group:=G, gp_id:=gp_id, signature:=signature, gen_vectors:=gen_vectors_as_perm, conj_classes:=cc, genus:=genus, dimension:=dim, r:=r, g0:=g0, passport_label:= passport_label,gen_vect_label:=gen_vect_label, is_hyperelliptic:=is_hyperelliptic,is_cyclic_trigonal:=is_cyclic_trigonal >);

// Here we add an action to data.
gen_vectors:=[[4, 5, 6, 7, 8, 9, 2, 3, 1, 13, 14, 15, 16, 17, 18, 11, 12, 10, 22, 23, 24, 25, 26, 27, 20, 21, 19], [13, 14, 15, 16, 17, 18, 11, 12, 10, 22, 23, 24, 25, 26, 27, 20, 21, 19, 7, 8, 9, 2, 3, 1, 5, 6, 4], [21, 19, 20, 24, 22, 23, 27, 25, 26, 6, 4, 5, 9, 7, 8, 1, 2, 3, 15, 13, 14, 18, 16, 17, 10, 11, 12]];
cc:=[4,12,23];
gen_vectors_as_perm:=[S!perm : perm in gen_vectors];
passport_label:=3;
gen_vect_label:=1;
is_hyperelliptic:=false;
is_cyclic_trigonal:=false;
Append(~data, rec<RecFormat | group:=G, gp_id:=gp_id, signature:=signature, gen_vectors:=gen_vectors_as_perm, conj_classes:=cc, genus:=genus, dimension:=dim, r:=r, g0:=g0, passport_label:= passport_label,gen_vect_label:=gen_vect_label, is_hyperelliptic:=is_hyperelliptic,is_cyclic_trigonal:=is_cyclic_trigonal >);

// Here we add an action to data.
gen_vectors:=[[4, 5, 6, 7, 8, 9, 2, 3, 1, 13, 14, 15, 16, 17, 18, 11, 12, 10, 22, 23, 24, 25, 26, 27, 20, 21, 19], [22, 23, 24, 25, 26, 27, 20, 21, 19, 7, 8, 9, 2, 3, 1, 5, 6, 4, 16, 17, 18, 11, 12, 10, 14, 15, 13], [12, 10, 11, 15, 13, 14, 18, 16, 17, 21, 19, 20, 24, 22, 23, 27, 25, 26, 6, 4, 5, 9, 7, 8, 1, 2, 3]];
cc:=[4,13,22];
gen_vectors_as_perm:=[S!perm : perm in gen_vectors];
passport_label:=4;
gen_vect_label:=1;
is_hyperelliptic:=false;
is_cyclic_trigonal:=false;
Append(~data, rec<RecFormat | group:=G, gp_id:=gp_id, signature:=signature, gen_vectors:=gen_vectors_as_perm, conj_classes:=cc, genus:=genus, dimension:=dim, r:=r, g0:=g0, passport_label:= passport_label,gen_vect_label:=gen_vect_label, is_hyperelliptic:=is_hyperelliptic,is_cyclic_trigonal:=is_cyclic_trigonal >);

// Here we add an action to data.
gen_vectors:=[[4, 5, 6, 7, 8, 9, 2, 3, 1, 13, 14, 15, 16, 17, 18, 11, 12, 10, 22, 23, 24, 25, 26, 27, 20, 21, 19], [16, 17, 18, 11, 12, 10, 14, 15, 13, 25, 26, 27, 20, 21, 19, 23, 24, 22, 2, 3, 1, 5, 6, 4, 8, 9, 7], [26, 27, 25, 21, 19, 20, 24, 22, 23, 3, 1, 2, 6, 4, 5, 9, 7, 8, 12, 10, 11, 15, 13, 14, 18, 16, 17]];
cc:=[4,14,21];
gen_vectors_as_perm:=[S!perm : perm in gen_vectors];
passport_label:=5;
gen_vect_label:=1;
is_hyperelliptic:=false;
is_cyclic_trigonal:=false;
Append(~data, rec<RecFormat | group:=G, gp_id:=gp_id, signature:=signature, gen_vectors:=gen_vectors_as_perm, conj_classes:=cc, genus:=genus, dimension:=dim, r:=r, g0:=g0, passport_label:= passport_label,gen_vect_label:=gen_vect_label, is_hyperelliptic:=is_hyperelliptic,is_cyclic_trigonal:=is_cyclic_trigonal >);

// Here we add an action to data.
gen_vectors:=[[4, 5, 6, 7, 8, 9, 2, 3, 1, 13, 14, 15, 16, 17, 18, 11, 12, 10, 22, 23, 24, 25, 26, 27, 20, 21, 19], [25, 26, 27, 20, 21, 19, 23, 24, 22, 2, 3, 1, 5, 6, 4, 8, 9, 7, 11, 12, 10, 14, 15, 13, 17, 18, 16], [17, 18, 16, 12, 10, 11, 15, 13, 14, 26, 27, 25, 21, 19, 20, 24, 22, 23, 3, 1, 2, 6, 4, 5, 9, 7, 8]];
cc:=[4,15,20];
gen_vectors_as_perm:=[S!perm : perm in gen_vectors];
passport_label:=6;
gen_vect_label:=1;
is_hyperelliptic:=false;
is_cyclic_trigonal:=false;
Append(~data, rec<RecFormat | group:=G, gp_id:=gp_id, signature:=signature, gen_vectors:=gen_vectors_as_perm, conj_classes:=cc, genus:=genus, dimension:=dim, r:=r, g0:=g0, passport_label:= passport_label,gen_vect_label:=gen_vect_label, is_hyperelliptic:=is_hyperelliptic,is_cyclic_trigonal:=is_cyclic_trigonal >);

// Here we add an action to data.
gen_vectors:=[[4, 5, 6, 7, 8, 9, 2, 3, 1, 13, 14, 15, 16, 17, 18, 11, 12, 10, 22, 23, 24, 25, 26, 27, 20, 21, 19], [11, 12, 10, 14, 15, 13, 17, 18, 16, 20, 21, 19, 23, 24, 22, 26, 27, 25, 5, 6, 4, 8, 9, 7, 3, 1, 2], [23, 24, 22, 26, 27, 25, 21, 19, 20, 8, 9, 7, 3, 1, 2, 6, 4, 5, 17, 18, 16, 12, 10, 11, 15, 13, 14]];
cc:=[4,16,19];
gen_vectors_as_perm:=[S!perm : perm in gen_vectors];
passport_label:=7;
gen_vect_label:=1;
is_hyperelliptic:=false;
is_cyclic_trigonal:=false;
Append(~data, rec<RecFormat | group:=G, gp_id:=gp_id, signature:=signature, gen_vectors:=gen_vectors_as_perm, conj_classes:=cc, genus:=genus, dimension:=dim, r:=r, g0:=g0, passport_label:= passport_label,gen_vect_label:=gen_vect_label, is_hyperelliptic:=is_hyperelliptic,is_cyclic_trigonal:=is_cyclic_trigonal >);

// Here we add an action to data.
gen_vectors:=[[4, 5, 6, 7, 8, 9, 2, 3, 1, 13, 14, 15, 16, 17, 18, 11, 12, 10, 22, 23, 24, 25, 26, 27, 20, 21, 19], [20, 21, 19, 23, 24, 22, 26, 27, 25, 5, 6, 4, 8, 9, 7, 3, 1, 2, 14, 15, 13, 17, 18, 16, 12, 10, 11], [14, 15, 13, 17, 18, 16, 12, 10, 11, 23, 24, 22, 26, 27, 25, 21, 19, 20, 8, 9, 7, 3, 1, 2, 6, 4, 5]];
cc:=[4,17,18];
gen_vectors_as_perm:=[S!perm : perm in gen_vectors];
passport_label:=8;
gen_vect_label:=1;
is_hyperelliptic:=false;
is_cyclic_trigonal:=false;
Append(~data, rec<RecFormat | group:=G, gp_id:=gp_id, signature:=signature, gen_vectors:=gen_vectors_as_perm, conj_classes:=cc, genus:=genus, dimension:=dim, r:=r, g0:=g0, passport_label:= passport_label,gen_vect_label:=gen_vect_label, is_hyperelliptic:=is_hyperelliptic,is_cyclic_trigonal:=is_cyclic_trigonal >);

// Here we add an action to data.
gen_vectors:=[[4, 5, 6, 7, 8, 9, 2, 3, 1, 13, 14, 15, 16, 17, 18, 11, 12, 10, 22, 23, 24, 25, 26, 27, 20, 21, 19], [18, 16, 17, 10, 11, 12, 13, 14, 15, 27, 25, 26, 19, 20, 21, 22, 23, 24, 1, 2, 3, 4, 5, 6, 7, 8, 9], [27, 25, 26, 19, 20, 21, 22, 23, 24, 1, 2, 3, 4, 5, 6, 7, 8, 9, 10, 11, 12, 13, 14, 15, 16, 17, 18]];
cc:=[4,26,27];
gen_vectors_as_perm:=[S!perm : perm in gen_vectors];
passport_label:=9;
gen_vect_label:=1;
is_hyperelliptic:=false;
is_cyclic_trigonal:=false;
Append(~data, rec<RecFormat | group:=G, gp_id:=gp_id, signature:=signature, gen_vectors:=gen_vectors_as_perm, conj_classes:=cc, genus:=genus, dimension:=dim, r:=r, g0:=g0, passport_label:= passport_label,gen_vect_label:=gen_vect_label, is_hyperelliptic:=is_hyperelliptic,is_cyclic_trigonal:=is_cyclic_trigonal >);

// Here we add an action to data.
gen_vectors:=[[7, 8, 9, 2, 3, 1, 5, 6, 4, 16, 17, 18, 11, 12, 10, 14, 15, 13, 25, 26, 27, 20, 21, 19, 23, 24, 22], [10, 11, 12, 13, 14, 15, 16, 17, 18, 19, 20, 21, 22, 23, 24, 25, 26, 27, 4, 5, 6, 7, 8, 9, 2, 3, 1], [21, 19, 20, 24, 22, 23, 27, 25, 26, 6, 4, 5, 9, 7, 8, 1, 2, 3, 15, 13, 14, 18, 16, 17, 10, 11, 12]];
cc:=[5,10,23];
gen_vectors_as_perm:=[S!perm : perm in gen_vectors];
passport_label:=10;
gen_vect_label:=1;
is_hyperelliptic:=false;
is_cyclic_trigonal:=false;
Append(~data, rec<RecFormat | group:=G, gp_id:=gp_id, signature:=signature, gen_vectors:=gen_vectors_as_perm, conj_classes:=cc, genus:=genus, dimension:=dim, r:=r, g0:=g0, passport_label:= passport_label,gen_vect_label:=gen_vect_label, is_hyperelliptic:=is_hyperelliptic,is_cyclic_trigonal:=is_cyclic_trigonal >);

// Here we add an action to data.
gen_vectors:=[[7, 8, 9, 2, 3, 1, 5, 6, 4, 16, 17, 18, 11, 12, 10, 14, 15, 13, 25, 26, 27, 20, 21, 19, 23, 24, 22], [19, 20, 21, 22, 23, 24, 25, 26, 27, 4, 5, 6, 7, 8, 9, 2, 3, 1, 13, 14, 15, 16, 17, 18, 11, 12, 10], [12, 10, 11, 15, 13, 14, 18, 16, 17, 21, 19, 20, 24, 22, 23, 27, 25, 26, 6, 4, 5, 9, 7, 8, 1, 2, 3]];
cc:=[5,11,22];
gen_vectors_as_perm:=[S!perm : perm in gen_vectors];
passport_label:=11;
gen_vect_label:=1;
is_hyperelliptic:=false;
is_cyclic_trigonal:=false;
Append(~data, rec<RecFormat | group:=G, gp_id:=gp_id, signature:=signature, gen_vectors:=gen_vectors_as_perm, conj_classes:=cc, genus:=genus, dimension:=dim, r:=r, g0:=g0, passport_label:= passport_label,gen_vect_label:=gen_vect_label, is_hyperelliptic:=is_hyperelliptic,is_cyclic_trigonal:=is_cyclic_trigonal >);

// Here we add an action to data.
gen_vectors:=[[7, 8, 9, 2, 3, 1, 5, 6, 4, 16, 17, 18, 11, 12, 10, 14, 15, 13, 25, 26, 27, 20, 21, 19, 23, 24, 22], [13, 14, 15, 16, 17, 18, 11, 12, 10, 22, 23, 24, 25, 26, 27, 20, 21, 19, 7, 8, 9, 2, 3, 1, 5, 6, 4], [26, 27, 25, 21, 19, 20, 24, 22, 23, 3, 1, 2, 6, 4, 5, 9, 7, 8, 12, 10, 11, 15, 13, 14, 18, 16, 17]];
cc:=[5,12,21];
gen_vectors_as_perm:=[S!perm : perm in gen_vectors];
passport_label:=12;
gen_vect_label:=1;
is_hyperelliptic:=false;
is_cyclic_trigonal:=false;
Append(~data, rec<RecFormat | group:=G, gp_id:=gp_id, signature:=signature, gen_vectors:=gen_vectors_as_perm, conj_classes:=cc, genus:=genus, dimension:=dim, r:=r, g0:=g0, passport_label:= passport_label,gen_vect_label:=gen_vect_label, is_hyperelliptic:=is_hyperelliptic,is_cyclic_trigonal:=is_cyclic_trigonal >);

// Here we add an action to data.
gen_vectors:=[[7, 8, 9, 2, 3, 1, 5, 6, 4, 16, 17, 18, 11, 12, 10, 14, 15, 13, 25, 26, 27, 20, 21, 19, 23, 24, 22], [22, 23, 24, 25, 26, 27, 20, 21, 19, 7, 8, 9, 2, 3, 1, 5, 6, 4, 16, 17, 18, 11, 12, 10, 14, 15, 13], [17, 18, 16, 12, 10, 11, 15, 13, 14, 26, 27, 25, 21, 19, 20, 24, 22, 23, 3, 1, 2, 6, 4, 5, 9, 7, 8]];
cc:=[5,13,20];
gen_vectors_as_perm:=[S!perm : perm in gen_vectors];
passport_label:=13;
gen_vect_label:=1;
is_hyperelliptic:=false;
is_cyclic_trigonal:=false;
Append(~data, rec<RecFormat | group:=G, gp_id:=gp_id, signature:=signature, gen_vectors:=gen_vectors_as_perm, conj_classes:=cc, genus:=genus, dimension:=dim, r:=r, g0:=g0, passport_label:= passport_label,gen_vect_label:=gen_vect_label, is_hyperelliptic:=is_hyperelliptic,is_cyclic_trigonal:=is_cyclic_trigonal >);

// Here we add an action to data.
gen_vectors:=[[7, 8, 9, 2, 3, 1, 5, 6, 4, 16, 17, 18, 11, 12, 10, 14, 15, 13, 25, 26, 27, 20, 21, 19, 23, 24, 22], [16, 17, 18, 11, 12, 10, 14, 15, 13, 25, 26, 27, 20, 21, 19, 23, 24, 22, 2, 3, 1, 5, 6, 4, 8, 9, 7], [23, 24, 22, 26, 27, 25, 21, 19, 20, 8, 9, 7, 3, 1, 2, 6, 4, 5, 17, 18, 16, 12, 10, 11, 15, 13, 14]];
cc:=[5,14,19];
gen_vectors_as_perm:=[S!perm : perm in gen_vectors];
passport_label:=14;
gen_vect_label:=1;
is_hyperelliptic:=false;
is_cyclic_trigonal:=false;
Append(~data, rec<RecFormat | group:=G, gp_id:=gp_id, signature:=signature, gen_vectors:=gen_vectors_as_perm, conj_classes:=cc, genus:=genus, dimension:=dim, r:=r, g0:=g0, passport_label:= passport_label,gen_vect_label:=gen_vect_label, is_hyperelliptic:=is_hyperelliptic,is_cyclic_trigonal:=is_cyclic_trigonal >);

// Here we add an action to data.
gen_vectors:=[[7, 8, 9, 2, 3, 1, 5, 6, 4, 16, 17, 18, 11, 12, 10, 14, 15, 13, 25, 26, 27, 20, 21, 19, 23, 24, 22], [25, 26, 27, 20, 21, 19, 23, 24, 22, 2, 3, 1, 5, 6, 4, 8, 9, 7, 11, 12, 10, 14, 15, 13, 17, 18, 16], [14, 15, 13, 17, 18, 16, 12, 10, 11, 23, 24, 22, 26, 27, 25, 21, 19, 20, 8, 9, 7, 3, 1, 2, 6, 4, 5]];
cc:=[5,15,18];
gen_vectors_as_perm:=[S!perm : perm in gen_vectors];
passport_label:=15;
gen_vect_label:=1;
is_hyperelliptic:=false;
is_cyclic_trigonal:=false;
Append(~data, rec<RecFormat | group:=G, gp_id:=gp_id, signature:=signature, gen_vectors:=gen_vectors_as_perm, conj_classes:=cc, genus:=genus, dimension:=dim, r:=r, g0:=g0, passport_label:= passport_label,gen_vect_label:=gen_vect_label, is_hyperelliptic:=is_hyperelliptic,is_cyclic_trigonal:=is_cyclic_trigonal >);

// Here we add an action to data.
gen_vectors:=[[7, 8, 9, 2, 3, 1, 5, 6, 4, 16, 17, 18, 11, 12, 10, 14, 15, 13, 25, 26, 27, 20, 21, 19, 23, 24, 22], [11, 12, 10, 14, 15, 13, 17, 18, 16, 20, 21, 19, 23, 24, 22, 26, 27, 25, 5, 6, 4, 8, 9, 7, 3, 1, 2], [20, 21, 19, 23, 24, 22, 26, 27, 25, 5, 6, 4, 8, 9, 7, 3, 1, 2, 14, 15, 13, 17, 18, 16, 12, 10, 11]];
cc:=[5,16,17];
gen_vectors_as_perm:=[S!perm : perm in gen_vectors];
passport_label:=16;
gen_vect_label:=1;
is_hyperelliptic:=false;
is_cyclic_trigonal:=false;
Append(~data, rec<RecFormat | group:=G, gp_id:=gp_id, signature:=signature, gen_vectors:=gen_vectors_as_perm, conj_classes:=cc, genus:=genus, dimension:=dim, r:=r, g0:=g0, passport_label:= passport_label,gen_vect_label:=gen_vect_label, is_hyperelliptic:=is_hyperelliptic,is_cyclic_trigonal:=is_cyclic_trigonal >);

// Here we add an action to data.
gen_vectors:=[[7, 8, 9, 2, 3, 1, 5, 6, 4, 16, 17, 18, 11, 12, 10, 14, 15, 13, 25, 26, 27, 20, 21, 19, 23, 24, 22], [15, 13, 14, 18, 16, 17, 10, 11, 12, 24, 22, 23, 27, 25, 26, 19, 20, 21, 9, 7, 8, 1, 2, 3, 4, 5, 6], [27, 25, 26, 19, 20, 21, 22, 23, 24, 1, 2, 3, 4, 5, 6, 7, 8, 9, 10, 11, 12, 13, 14, 15, 16, 17, 18]];
cc:=[5,24,27];
gen_vectors_as_perm:=[S!perm : perm in gen_vectors];
passport_label:=17;
gen_vect_label:=1;
is_hyperelliptic:=false;
is_cyclic_trigonal:=false;
Append(~data, rec<RecFormat | group:=G, gp_id:=gp_id, signature:=signature, gen_vectors:=gen_vectors_as_perm, conj_classes:=cc, genus:=genus, dimension:=dim, r:=r, g0:=g0, passport_label:= passport_label,gen_vect_label:=gen_vect_label, is_hyperelliptic:=is_hyperelliptic,is_cyclic_trigonal:=is_cyclic_trigonal >);

// Here we add an action to data.
gen_vectors:=[[7, 8, 9, 2, 3, 1, 5, 6, 4, 16, 17, 18, 11, 12, 10, 14, 15, 13, 25, 26, 27, 20, 21, 19, 23, 24, 22], [24, 22, 23, 27, 25, 26, 19, 20, 21, 9, 7, 8, 1, 2, 3, 4, 5, 6, 18, 16, 17, 10, 11, 12, 13, 14, 15], [18, 16, 17, 10, 11, 12, 13, 14, 15, 27, 25, 26, 19, 20, 21, 22, 23, 24, 1, 2, 3, 4, 5, 6, 7, 8, 9]];
cc:=[5,25,26];
gen_vectors_as_perm:=[S!perm : perm in gen_vectors];
passport_label:=18;
gen_vect_label:=1;
is_hyperelliptic:=false;
is_cyclic_trigonal:=false;
Append(~data, rec<RecFormat | group:=G, gp_id:=gp_id, signature:=signature, gen_vectors:=gen_vectors_as_perm, conj_classes:=cc, genus:=genus, dimension:=dim, r:=r, g0:=g0, passport_label:= passport_label,gen_vect_label:=gen_vect_label, is_hyperelliptic:=is_hyperelliptic,is_cyclic_trigonal:=is_cyclic_trigonal >);

// Here we add an action to data.
gen_vectors:=[[5, 6, 4, 8, 9, 7, 3, 1, 2, 14, 15, 13, 17, 18, 16, 12, 10, 11, 23, 24, 22, 26, 27, 25, 21, 19, 20], [10, 11, 12, 13, 14, 15, 16, 17, 18, 19, 20, 21, 22, 23, 24, 25, 26, 27, 4, 5, 6, 7, 8, 9, 2, 3, 1], [23, 24, 22, 26, 27, 25, 21, 19, 20, 8, 9, 7, 3, 1, 2, 6, 4, 5, 17, 18, 16, 12, 10, 11, 15, 13, 14]];
cc:=[6,10,19];
gen_vectors_as_perm:=[S!perm : perm in gen_vectors];
passport_label:=19;
gen_vect_label:=1;
is_hyperelliptic:=false;
is_cyclic_trigonal:=false;
Append(~data, rec<RecFormat | group:=G, gp_id:=gp_id, signature:=signature, gen_vectors:=gen_vectors_as_perm, conj_classes:=cc, genus:=genus, dimension:=dim, r:=r, g0:=g0, passport_label:= passport_label,gen_vect_label:=gen_vect_label, is_hyperelliptic:=is_hyperelliptic,is_cyclic_trigonal:=is_cyclic_trigonal >);

// Here we add an action to data.
gen_vectors:=[[5, 6, 4, 8, 9, 7, 3, 1, 2, 14, 15, 13, 17, 18, 16, 12, 10, 11, 23, 24, 22, 26, 27, 25, 21, 19, 20], [19, 20, 21, 22, 23, 24, 25, 26, 27, 4, 5, 6, 7, 8, 9, 2, 3, 1, 13, 14, 15, 16, 17, 18, 11, 12, 10], [14, 15, 13, 17, 18, 16, 12, 10, 11, 23, 24, 22, 26, 27, 25, 21, 19, 20, 8, 9, 7, 3, 1, 2, 6, 4, 5]];
cc:=[6,11,18];
gen_vectors_as_perm:=[S!perm : perm in gen_vectors];
passport_label:=20;
gen_vect_label:=1;
is_hyperelliptic:=false;
is_cyclic_trigonal:=false;
Append(~data, rec<RecFormat | group:=G, gp_id:=gp_id, signature:=signature, gen_vectors:=gen_vectors_as_perm, conj_classes:=cc, genus:=genus, dimension:=dim, r:=r, g0:=g0, passport_label:= passport_label,gen_vect_label:=gen_vect_label, is_hyperelliptic:=is_hyperelliptic,is_cyclic_trigonal:=is_cyclic_trigonal >);

// Here we add an action to data.
gen_vectors:=[[5, 6, 4, 8, 9, 7, 3, 1, 2, 14, 15, 13, 17, 18, 16, 12, 10, 11, 23, 24, 22, 26, 27, 25, 21, 19, 20], [13, 14, 15, 16, 17, 18, 11, 12, 10, 22, 23, 24, 25, 26, 27, 20, 21, 19, 7, 8, 9, 2, 3, 1, 5, 6, 4], [20, 21, 19, 23, 24, 22, 26, 27, 25, 5, 6, 4, 8, 9, 7, 3, 1, 2, 14, 15, 13, 17, 18, 16, 12, 10, 11]];
cc:=[6,12,17];
gen_vectors_as_perm:=[S!perm : perm in gen_vectors];
passport_label:=21;
gen_vect_label:=1;
is_hyperelliptic:=false;
is_cyclic_trigonal:=false;
Append(~data, rec<RecFormat | group:=G, gp_id:=gp_id, signature:=signature, gen_vectors:=gen_vectors_as_perm, conj_classes:=cc, genus:=genus, dimension:=dim, r:=r, g0:=g0, passport_label:= passport_label,gen_vect_label:=gen_vect_label, is_hyperelliptic:=is_hyperelliptic,is_cyclic_trigonal:=is_cyclic_trigonal >);

// Here we add an action to data.
gen_vectors:=[[5, 6, 4, 8, 9, 7, 3, 1, 2, 14, 15, 13, 17, 18, 16, 12, 10, 11, 23, 24, 22, 26, 27, 25, 21, 19, 20], [22, 23, 24, 25, 26, 27, 20, 21, 19, 7, 8, 9, 2, 3, 1, 5, 6, 4, 16, 17, 18, 11, 12, 10, 14, 15, 13], [11, 12, 10, 14, 15, 13, 17, 18, 16, 20, 21, 19, 23, 24, 22, 26, 27, 25, 5, 6, 4, 8, 9, 7, 3, 1, 2]];
cc:=[6,13,16];
gen_vectors_as_perm:=[S!perm : perm in gen_vectors];
passport_label:=22;
gen_vect_label:=1;
is_hyperelliptic:=false;
is_cyclic_trigonal:=false;
Append(~data, rec<RecFormat | group:=G, gp_id:=gp_id, signature:=signature, gen_vectors:=gen_vectors_as_perm, conj_classes:=cc, genus:=genus, dimension:=dim, r:=r, g0:=g0, passport_label:= passport_label,gen_vect_label:=gen_vect_label, is_hyperelliptic:=is_hyperelliptic,is_cyclic_trigonal:=is_cyclic_trigonal >);

// Here we add an action to data.
gen_vectors:=[[5, 6, 4, 8, 9, 7, 3, 1, 2, 14, 15, 13, 17, 18, 16, 12, 10, 11, 23, 24, 22, 26, 27, 25, 21, 19, 20], [16, 17, 18, 11, 12, 10, 14, 15, 13, 25, 26, 27, 20, 21, 19, 23, 24, 22, 2, 3, 1, 5, 6, 4, 8, 9, 7], [25, 26, 27, 20, 21, 19, 23, 24, 22, 2, 3, 1, 5, 6, 4, 8, 9, 7, 11, 12, 10, 14, 15, 13, 17, 18, 16]];
cc:=[6,14,15];
gen_vectors_as_perm:=[S!perm : perm in gen_vectors];
passport_label:=23;
gen_vect_label:=1;
is_hyperelliptic:=false;
is_cyclic_trigonal:=false;
Append(~data, rec<RecFormat | group:=G, gp_id:=gp_id, signature:=signature, gen_vectors:=gen_vectors_as_perm, conj_classes:=cc, genus:=genus, dimension:=dim, r:=r, g0:=g0, passport_label:= passport_label,gen_vect_label:=gen_vect_label, is_hyperelliptic:=is_hyperelliptic,is_cyclic_trigonal:=is_cyclic_trigonal >);

// Here we add an action to data.
gen_vectors:=[[5, 6, 4, 8, 9, 7, 3, 1, 2, 14, 15, 13, 17, 18, 16, 12, 10, 11, 23, 24, 22, 26, 27, 25, 21, 19, 20], [17, 18, 16, 12, 10, 11, 15, 13, 14, 26, 27, 25, 21, 19, 20, 24, 22, 23, 3, 1, 2, 6, 4, 5, 9, 7, 8], [27, 25, 26, 19, 20, 21, 22, 23, 24, 1, 2, 3, 4, 5, 6, 7, 8, 9, 10, 11, 12, 13, 14, 15, 16, 17, 18]];
cc:=[6,20,27];
gen_vectors_as_perm:=[S!perm : perm in gen_vectors];
passport_label:=24;
gen_vect_label:=1;
is_hyperelliptic:=false;
is_cyclic_trigonal:=false;
Append(~data, rec<RecFormat | group:=G, gp_id:=gp_id, signature:=signature, gen_vectors:=gen_vectors_as_perm, conj_classes:=cc, genus:=genus, dimension:=dim, r:=r, g0:=g0, passport_label:= passport_label,gen_vect_label:=gen_vect_label, is_hyperelliptic:=is_hyperelliptic,is_cyclic_trigonal:=is_cyclic_trigonal >);

// Here we add an action to data.
gen_vectors:=[[5, 6, 4, 8, 9, 7, 3, 1, 2, 14, 15, 13, 17, 18, 16, 12, 10, 11, 23, 24, 22, 26, 27, 25, 21, 19, 20], [26, 27, 25, 21, 19, 20, 24, 22, 23, 3, 1, 2, 6, 4, 5, 9, 7, 8, 12, 10, 11, 15, 13, 14, 18, 16, 17], [18, 16, 17, 10, 11, 12, 13, 14, 15, 27, 25, 26, 19, 20, 21, 22, 23, 24, 1, 2, 3, 4, 5, 6, 7, 8, 9]];
cc:=[6,21,26];
gen_vectors_as_perm:=[S!perm : perm in gen_vectors];
passport_label:=25;
gen_vect_label:=1;
is_hyperelliptic:=false;
is_cyclic_trigonal:=false;
Append(~data, rec<RecFormat | group:=G, gp_id:=gp_id, signature:=signature, gen_vectors:=gen_vectors_as_perm, conj_classes:=cc, genus:=genus, dimension:=dim, r:=r, g0:=g0, passport_label:= passport_label,gen_vect_label:=gen_vect_label, is_hyperelliptic:=is_hyperelliptic,is_cyclic_trigonal:=is_cyclic_trigonal >);

// Here we add an action to data.
gen_vectors:=[[5, 6, 4, 8, 9, 7, 3, 1, 2, 14, 15, 13, 17, 18, 16, 12, 10, 11, 23, 24, 22, 26, 27, 25, 21, 19, 20], [12, 10, 11, 15, 13, 14, 18, 16, 17, 21, 19, 20, 24, 22, 23, 27, 25, 26, 6, 4, 5, 9, 7, 8, 1, 2, 3], [24, 22, 23, 27, 25, 26, 19, 20, 21, 9, 7, 8, 1, 2, 3, 4, 5, 6, 18, 16, 17, 10, 11, 12, 13, 14, 15]];
cc:=[6,22,25];
gen_vectors_as_perm:=[S!perm : perm in gen_vectors];
passport_label:=26;
gen_vect_label:=1;
is_hyperelliptic:=false;
is_cyclic_trigonal:=false;
Append(~data, rec<RecFormat | group:=G, gp_id:=gp_id, signature:=signature, gen_vectors:=gen_vectors_as_perm, conj_classes:=cc, genus:=genus, dimension:=dim, r:=r, g0:=g0, passport_label:= passport_label,gen_vect_label:=gen_vect_label, is_hyperelliptic:=is_hyperelliptic,is_cyclic_trigonal:=is_cyclic_trigonal >);

// Here we add an action to data.
gen_vectors:=[[5, 6, 4, 8, 9, 7, 3, 1, 2, 14, 15, 13, 17, 18, 16, 12, 10, 11, 23, 24, 22, 26, 27, 25, 21, 19, 20], [21, 19, 20, 24, 22, 23, 27, 25, 26, 6, 4, 5, 9, 7, 8, 1, 2, 3, 15, 13, 14, 18, 16, 17, 10, 11, 12], [15, 13, 14, 18, 16, 17, 10, 11, 12, 24, 22, 23, 27, 25, 26, 19, 20, 21, 9, 7, 8, 1, 2, 3, 4, 5, 6]];
cc:=[6,23,24];
gen_vectors_as_perm:=[S!perm : perm in gen_vectors];
passport_label:=27;
gen_vect_label:=1;
is_hyperelliptic:=false;
is_cyclic_trigonal:=false;
Append(~data, rec<RecFormat | group:=G, gp_id:=gp_id, signature:=signature, gen_vectors:=gen_vectors_as_perm, conj_classes:=cc, genus:=genus, dimension:=dim, r:=r, g0:=g0, passport_label:= passport_label,gen_vect_label:=gen_vect_label, is_hyperelliptic:=is_hyperelliptic,is_cyclic_trigonal:=is_cyclic_trigonal >);

// Here we add an action to data.
gen_vectors:=[[8, 9, 7, 3, 1, 2, 6, 4, 5, 17, 18, 16, 12, 10, 11, 15, 13, 14, 26, 27, 25, 21, 19, 20, 24, 22, 23], [10, 11, 12, 13, 14, 15, 16, 17, 18, 19, 20, 21, 22, 23, 24, 25, 26, 27, 4, 5, 6, 7, 8, 9, 2, 3, 1], [20, 21, 19, 23, 24, 22, 26, 27, 25, 5, 6, 4, 8, 9, 7, 3, 1, 2, 14, 15, 13, 17, 18, 16, 12, 10, 11]];
cc:=[7,10,17];
gen_vectors_as_perm:=[S!perm : perm in gen_vectors];
passport_label:=28;
gen_vect_label:=1;
is_hyperelliptic:=false;
is_cyclic_trigonal:=false;
Append(~data, rec<RecFormat | group:=G, gp_id:=gp_id, signature:=signature, gen_vectors:=gen_vectors_as_perm, conj_classes:=cc, genus:=genus, dimension:=dim, r:=r, g0:=g0, passport_label:= passport_label,gen_vect_label:=gen_vect_label, is_hyperelliptic:=is_hyperelliptic,is_cyclic_trigonal:=is_cyclic_trigonal >);

// Here we add an action to data.
gen_vectors:=[[8, 9, 7, 3, 1, 2, 6, 4, 5, 17, 18, 16, 12, 10, 11, 15, 13, 14, 26, 27, 25, 21, 19, 20, 24, 22, 23], [19, 20, 21, 22, 23, 24, 25, 26, 27, 4, 5, 6, 7, 8, 9, 2, 3, 1, 13, 14, 15, 16, 17, 18, 11, 12, 10], [11, 12, 10, 14, 15, 13, 17, 18, 16, 20, 21, 19, 23, 24, 22, 26, 27, 25, 5, 6, 4, 8, 9, 7, 3, 1, 2]];
cc:=[7,11,16];
gen_vectors_as_perm:=[S!perm : perm in gen_vectors];
passport_label:=29;
gen_vect_label:=1;
is_hyperelliptic:=false;
is_cyclic_trigonal:=false;
Append(~data, rec<RecFormat | group:=G, gp_id:=gp_id, signature:=signature, gen_vectors:=gen_vectors_as_perm, conj_classes:=cc, genus:=genus, dimension:=dim, r:=r, g0:=g0, passport_label:= passport_label,gen_vect_label:=gen_vect_label, is_hyperelliptic:=is_hyperelliptic,is_cyclic_trigonal:=is_cyclic_trigonal >);

// Here we add an action to data.
gen_vectors:=[[8, 9, 7, 3, 1, 2, 6, 4, 5, 17, 18, 16, 12, 10, 11, 15, 13, 14, 26, 27, 25, 21, 19, 20, 24, 22, 23], [13, 14, 15, 16, 17, 18, 11, 12, 10, 22, 23, 24, 25, 26, 27, 20, 21, 19, 7, 8, 9, 2, 3, 1, 5, 6, 4], [25, 26, 27, 20, 21, 19, 23, 24, 22, 2, 3, 1, 5, 6, 4, 8, 9, 7, 11, 12, 10, 14, 15, 13, 17, 18, 16]];
cc:=[7,12,15];
gen_vectors_as_perm:=[S!perm : perm in gen_vectors];
passport_label:=30;
gen_vect_label:=1;
is_hyperelliptic:=false;
is_cyclic_trigonal:=false;
Append(~data, rec<RecFormat | group:=G, gp_id:=gp_id, signature:=signature, gen_vectors:=gen_vectors_as_perm, conj_classes:=cc, genus:=genus, dimension:=dim, r:=r, g0:=g0, passport_label:= passport_label,gen_vect_label:=gen_vect_label, is_hyperelliptic:=is_hyperelliptic,is_cyclic_trigonal:=is_cyclic_trigonal >);

// Here we add an action to data.
gen_vectors:=[[8, 9, 7, 3, 1, 2, 6, 4, 5, 17, 18, 16, 12, 10, 11, 15, 13, 14, 26, 27, 25, 21, 19, 20, 24, 22, 23], [22, 23, 24, 25, 26, 27, 20, 21, 19, 7, 8, 9, 2, 3, 1, 5, 6, 4, 16, 17, 18, 11, 12, 10, 14, 15, 13], [16, 17, 18, 11, 12, 10, 14, 15, 13, 25, 26, 27, 20, 21, 19, 23, 24, 22, 2, 3, 1, 5, 6, 4, 8, 9, 7]];
cc:=[7,13,14];
gen_vectors_as_perm:=[S!perm : perm in gen_vectors];
passport_label:=31;
gen_vect_label:=1;
is_hyperelliptic:=false;
is_cyclic_trigonal:=false;
Append(~data, rec<RecFormat | group:=G, gp_id:=gp_id, signature:=signature, gen_vectors:=gen_vectors_as_perm, conj_classes:=cc, genus:=genus, dimension:=dim, r:=r, g0:=g0, passport_label:= passport_label,gen_vect_label:=gen_vect_label, is_hyperelliptic:=is_hyperelliptic,is_cyclic_trigonal:=is_cyclic_trigonal >);

// Here we add an action to data.
gen_vectors:=[[8, 9, 7, 3, 1, 2, 6, 4, 5, 17, 18, 16, 12, 10, 11, 15, 13, 14, 26, 27, 25, 21, 19, 20, 24, 22, 23], [14, 15, 13, 17, 18, 16, 12, 10, 11, 23, 24, 22, 26, 27, 25, 21, 19, 20, 8, 9, 7, 3, 1, 2, 6, 4, 5], [27, 25, 26, 19, 20, 21, 22, 23, 24, 1, 2, 3, 4, 5, 6, 7, 8, 9, 10, 11, 12, 13, 14, 15, 16, 17, 18]];
cc:=[7,18,27];
gen_vectors_as_perm:=[S!perm : perm in gen_vectors];
passport_label:=32;
gen_vect_label:=1;
is_hyperelliptic:=false;
is_cyclic_trigonal:=false;
Append(~data, rec<RecFormat | group:=G, gp_id:=gp_id, signature:=signature, gen_vectors:=gen_vectors_as_perm, conj_classes:=cc, genus:=genus, dimension:=dim, r:=r, g0:=g0, passport_label:= passport_label,gen_vect_label:=gen_vect_label, is_hyperelliptic:=is_hyperelliptic,is_cyclic_trigonal:=is_cyclic_trigonal >);

// Here we add an action to data.
gen_vectors:=[[8, 9, 7, 3, 1, 2, 6, 4, 5, 17, 18, 16, 12, 10, 11, 15, 13, 14, 26, 27, 25, 21, 19, 20, 24, 22, 23], [23, 24, 22, 26, 27, 25, 21, 19, 20, 8, 9, 7, 3, 1, 2, 6, 4, 5, 17, 18, 16, 12, 10, 11, 15, 13, 14], [18, 16, 17, 10, 11, 12, 13, 14, 15, 27, 25, 26, 19, 20, 21, 22, 23, 24, 1, 2, 3, 4, 5, 6, 7, 8, 9]];
cc:=[7,19,26];
gen_vectors_as_perm:=[S!perm : perm in gen_vectors];
passport_label:=33;
gen_vect_label:=1;
is_hyperelliptic:=false;
is_cyclic_trigonal:=false;
Append(~data, rec<RecFormat | group:=G, gp_id:=gp_id, signature:=signature, gen_vectors:=gen_vectors_as_perm, conj_classes:=cc, genus:=genus, dimension:=dim, r:=r, g0:=g0, passport_label:= passport_label,gen_vect_label:=gen_vect_label, is_hyperelliptic:=is_hyperelliptic,is_cyclic_trigonal:=is_cyclic_trigonal >);

// Here we add an action to data.
gen_vectors:=[[8, 9, 7, 3, 1, 2, 6, 4, 5, 17, 18, 16, 12, 10, 11, 15, 13, 14, 26, 27, 25, 21, 19, 20, 24, 22, 23], [17, 18, 16, 12, 10, 11, 15, 13, 14, 26, 27, 25, 21, 19, 20, 24, 22, 23, 3, 1, 2, 6, 4, 5, 9, 7, 8], [24, 22, 23, 27, 25, 26, 19, 20, 21, 9, 7, 8, 1, 2, 3, 4, 5, 6, 18, 16, 17, 10, 11, 12, 13, 14, 15]];
cc:=[7,20,25];
gen_vectors_as_perm:=[S!perm : perm in gen_vectors];
passport_label:=34;
gen_vect_label:=1;
is_hyperelliptic:=false;
is_cyclic_trigonal:=false;
Append(~data, rec<RecFormat | group:=G, gp_id:=gp_id, signature:=signature, gen_vectors:=gen_vectors_as_perm, conj_classes:=cc, genus:=genus, dimension:=dim, r:=r, g0:=g0, passport_label:= passport_label,gen_vect_label:=gen_vect_label, is_hyperelliptic:=is_hyperelliptic,is_cyclic_trigonal:=is_cyclic_trigonal >);

// Here we add an action to data.
gen_vectors:=[[8, 9, 7, 3, 1, 2, 6, 4, 5, 17, 18, 16, 12, 10, 11, 15, 13, 14, 26, 27, 25, 21, 19, 20, 24, 22, 23], [26, 27, 25, 21, 19, 20, 24, 22, 23, 3, 1, 2, 6, 4, 5, 9, 7, 8, 12, 10, 11, 15, 13, 14, 18, 16, 17], [15, 13, 14, 18, 16, 17, 10, 11, 12, 24, 22, 23, 27, 25, 26, 19, 20, 21, 9, 7, 8, 1, 2, 3, 4, 5, 6]];
cc:=[7,21,24];
gen_vectors_as_perm:=[S!perm : perm in gen_vectors];
passport_label:=35;
gen_vect_label:=1;
is_hyperelliptic:=false;
is_cyclic_trigonal:=false;
