// Magma CODE FOR SEARCH RESULTS

// The results are stored in a list of records called 'data'

RecFormat:=recformat<group,gp_id, signature,gen_vectors,conj_classes,genus,dimension,r,g0, passport_label,gen_vect_label, is_hyperelliptic, hyp_involution, is_cyclic_trigonal,cyc_auto,full_auto, full_sign,topological_class,braid_class>;

data:=[];

// label = 14.32-1.0.8-32-32
// Create group as a permutation group and initialize signature information.
gp_id:=[32,1];
H:=SmallGroup(gp_id[1],gp_id[2]); n:=#H; LP:=[]; LG:=[g : g in H]; for i in [1..n] do x:=LG[i]; Tx:=[LG[j]*x : j in [1..n]]; permL:=[]; for j in [1..n] do for k in [1..n] do if Tx[j] eq LG[k] then permL[j]:=k;  break; end if; end for; end for; Append(~LP,permL); end for; G:=PermutationGroup<n|LP>; 
signature:=[0,8,32,32];
genus:=14;
r:=#signature-1;
g0:=signature[1];
dim:=3*g0-3+r;
S:=Sym(gp_id[1]);

// Here we add an action to data.
gen_vectors:=[[5, 6, 7, 8, 3, 4, 2, 1, 13, 14, 15, 16, 11, 12, 10, 9, 21, 22, 23, 24, 19, 20, 18, 17, 29, 30, 31, 32, 27, 28, 26, 25], [17, 18, 19, 20, 21, 22, 23, 24, 25, 26, 27, 28, 29, 30, 31, 32, 9, 10, 11, 12, 13, 14, 15, 16, 5, 6, 7, 8, 3, 4, 2, 1], [28, 27, 25, 26, 32, 31, 29, 30, 24, 23, 21, 22, 17, 18, 19, 20, 8, 7, 5, 6, 1, 2, 3, 4, 16, 15, 13, 14, 9, 10, 11, 12]];
cc:=[5,17,30];
gen_vectors_as_perm:=[S!perm : perm in gen_vectors];
passport_label:=1;
gen_vect_label:=1;
is_hyperelliptic:=false;
is_cyclic_trigonal:=false;
Append(~data, rec<RecFormat | group:=G, gp_id:=gp_id, signature:=signature, gen_vectors:=gen_vectors_as_perm, conj_classes:=cc, genus:=genus, dimension:=dim, r:=r, g0:=g0, passport_label:= passport_label,gen_vect_label:=gen_vect_label, is_hyperelliptic:=is_hyperelliptic,is_cyclic_trigonal:=is_cyclic_trigonal >);

// Here we add an action to data.
gen_vectors:=[[5, 6, 7, 8, 3, 4, 2, 1, 13, 14, 15, 16, 11, 12, 10, 9, 21, 22, 23, 24, 19, 20, 18, 17, 29, 30, 31, 32, 27, 28, 26, 25], [25, 26, 27, 28, 29, 30, 31, 32, 21, 22, 23, 24, 19, 20, 18, 17, 5, 6, 7, 8, 3, 4, 2, 1, 13, 14, 15, 16, 11, 12, 10, 9], [20, 19, 17, 18, 24, 23, 21, 22, 28, 27, 25, 26, 32, 31, 29, 30, 12, 11, 9, 10, 16, 15, 13, 14, 8, 7, 5, 6, 1, 2, 3, 4]];
cc:=[5,18,29];
gen_vectors_as_perm:=[S!perm : perm in gen_vectors];
passport_label:=2;
gen_vect_label:=1;
is_hyperelliptic:=false;
is_cyclic_trigonal:=false;
Append(~data, rec<RecFormat | group:=G, gp_id:=gp_id, signature:=signature, gen_vectors:=gen_vectors_as_perm, conj_classes:=cc, genus:=genus, dimension:=dim, r:=r, g0:=g0, passport_label:= passport_label,gen_vect_label:=gen_vect_label, is_hyperelliptic:=is_hyperelliptic,is_cyclic_trigonal:=is_cyclic_trigonal >);

// Here we add an action to data.
gen_vectors:=[[5, 6, 7, 8, 3, 4, 2, 1, 13, 14, 15, 16, 11, 12, 10, 9, 21, 22, 23, 24, 19, 20, 18, 17, 29, 30, 31, 32, 27, 28, 26, 25], [21, 22, 23, 24, 19, 20, 18, 17, 29, 30, 31, 32, 27, 28, 26, 25, 13, 14, 15, 16, 11, 12, 10, 9, 3, 4, 2, 1, 7, 8, 6, 5], [30, 29, 32, 31, 28, 27, 25, 26, 20, 19, 17, 18, 24, 23, 21, 22, 4, 3, 1, 2, 8, 7, 5, 6, 12, 11, 9, 10, 16, 15, 13, 14]];
cc:=[5,19,28];
gen_vectors_as_perm:=[S!perm : perm in gen_vectors];
passport_label:=3;
gen_vect_label:=1;
is_hyperelliptic:=false;
is_cyclic_trigonal:=false;
Append(~data, rec<RecFormat | group:=G, gp_id:=gp_id, signature:=signature, gen_vectors:=gen_vectors_as_perm, conj_classes:=cc, genus:=genus, dimension:=dim, r:=r, g0:=g0, passport_label:= passport_label,gen_vect_label:=gen_vect_label, is_hyperelliptic:=is_hyperelliptic,is_cyclic_trigonal:=is_cyclic_trigonal >);

// Here we add an action to data.
gen_vectors:=[[5, 6, 7, 8, 3, 4, 2, 1, 13, 14, 15, 16, 11, 12, 10, 9, 21, 22, 23, 24, 19, 20, 18, 17, 29, 30, 31, 32, 27, 28, 26, 25], [29, 30, 31, 32, 27, 28, 26, 25, 19, 20, 18, 17, 23, 24, 22, 21, 3, 4, 2, 1, 7, 8, 6, 5, 11, 12, 10, 9, 15, 16, 14, 13], [22, 21, 24, 23, 20, 19, 17, 18, 30, 29, 32, 31, 28, 27, 25, 26, 14, 13, 16, 15, 12, 11, 9, 10, 4, 3, 1, 2, 8, 7, 5, 6]];
cc:=[5,20,27];
gen_vectors_as_perm:=[S!perm : perm in gen_vectors];
passport_label:=4;
gen_vect_label:=1;
is_hyperelliptic:=false;
is_cyclic_trigonal:=false;
Append(~data, rec<RecFormat | group:=G, gp_id:=gp_id, signature:=signature, gen_vectors:=gen_vectors_as_perm, conj_classes:=cc, genus:=genus, dimension:=dim, r:=r, g0:=g0, passport_label:= passport_label,gen_vect_label:=gen_vect_label, is_hyperelliptic:=is_hyperelliptic,is_cyclic_trigonal:=is_cyclic_trigonal >);

// Here we add an action to data.
gen_vectors:=[[5, 6, 7, 8, 3, 4, 2, 1, 13, 14, 15, 16, 11, 12, 10, 9, 21, 22, 23, 24, 19, 20, 18, 17, 29, 30, 31, 32, 27, 28, 26, 25], [19, 20, 18, 17, 23, 24, 22, 21, 27, 28, 26, 25, 31, 32, 30, 29, 11, 12, 10, 9, 15, 16, 14, 13, 7, 8, 6, 5, 2, 1, 4, 3], [26, 25, 28, 27, 30, 29, 32, 31, 22, 21, 24, 23, 20, 19, 17, 18, 6, 5, 8, 7, 4, 3, 1, 2, 14, 13, 16, 15, 12, 11, 9, 10]];
cc:=[5,21,26];
gen_vectors_as_perm:=[S!perm : perm in gen_vectors];
passport_label:=5;
gen_vect_label:=1;
is_hyperelliptic:=false;
is_cyclic_trigonal:=false;
Append(~data, rec<RecFormat | group:=G, gp_id:=gp_id, signature:=signature, gen_vectors:=gen_vectors_as_perm, conj_classes:=cc, genus:=genus, dimension:=dim, r:=r, g0:=g0, passport_label:= passport_label,gen_vect_label:=gen_vect_label, is_hyperelliptic:=is_hyperelliptic,is_cyclic_trigonal:=is_cyclic_trigonal >);

// Here we add an action to data.
gen_vectors:=[[5, 6, 7, 8, 3, 4, 2, 1, 13, 14, 15, 16, 11, 12, 10, 9, 21, 22, 23, 24, 19, 20, 18, 17, 29, 30, 31, 32, 27, 28, 26, 25], [27, 28, 26, 25, 31, 32, 30, 29, 23, 24, 22, 21, 18, 17, 20, 19, 7, 8, 6, 5, 2, 1, 4, 3, 15, 16, 14, 13, 10, 9, 12, 11], [18, 17, 20, 19, 22, 21, 24, 23, 26, 25, 28, 27, 30, 29, 32, 31, 10, 9, 12, 11, 14, 13, 16, 15, 6, 5, 8, 7, 4, 3, 1, 2]];
cc:=[5,22,25];
gen_vectors_as_perm:=[S!perm : perm in gen_vectors];
passport_label:=6;
gen_vect_label:=1;
is_hyperelliptic:=false;
is_cyclic_trigonal:=false;
Append(~data, rec<RecFormat | group:=G, gp_id:=gp_id, signature:=signature, gen_vectors:=gen_vectors_as_perm, conj_classes:=cc, genus:=genus, dimension:=dim, r:=r, g0:=g0, passport_label:= passport_label,gen_vect_label:=gen_vect_label, is_hyperelliptic:=is_hyperelliptic,is_cyclic_trigonal:=is_cyclic_trigonal >);

// Here we add an action to data.
gen_vectors:=[[5, 6, 7, 8, 3, 4, 2, 1, 13, 14, 15, 16, 11, 12, 10, 9, 21, 22, 23, 24, 19, 20, 18, 17, 29, 30, 31, 32, 27, 28, 26, 25], [23, 24, 22, 21, 18, 17, 20, 19, 31, 32, 30, 29, 26, 25, 28, 27, 15, 16, 14, 13, 10, 9, 12, 11, 2, 1, 4, 3, 6, 5, 8, 7], [31, 32, 30, 29, 26, 25, 28, 27, 18, 17, 20, 19, 22, 21, 24, 23, 2, 1, 4, 3, 6, 5, 8, 7, 10, 9, 12, 11, 14, 13, 16, 15]];
cc:=[5,23,24];
gen_vectors_as_perm:=[S!perm : perm in gen_vectors];
passport_label:=7;
gen_vect_label:=1;
is_hyperelliptic:=false;
is_cyclic_trigonal:=false;
Append(~data, rec<RecFormat | group:=G, gp_id:=gp_id, signature:=signature, gen_vectors:=gen_vectors_as_perm, conj_classes:=cc, genus:=genus, dimension:=dim, r:=r, g0:=g0, passport_label:= passport_label,gen_vect_label:=gen_vect_label, is_hyperelliptic:=is_hyperelliptic,is_cyclic_trigonal:=is_cyclic_trigonal >);

// Here we add an action to data.
gen_vectors:=[[5, 6, 7, 8, 3, 4, 2, 1, 13, 14, 15, 16, 11, 12, 10, 9, 21, 22, 23, 24, 19, 20, 18, 17, 29, 30, 31, 32, 27, 28, 26, 25], [24, 23, 21, 22, 17, 18, 19, 20, 32, 31, 29, 30, 25, 26, 27, 28, 16, 15, 13, 14, 9, 10, 11, 12, 1, 2, 3, 4, 5, 6, 7, 8], [32, 31, 29, 30, 25, 26, 27, 28, 17, 18, 19, 20, 21, 22, 23, 24, 1, 2, 3, 4, 5, 6, 7, 8, 9, 10, 11, 12, 13, 14, 15, 16]];
cc:=[5,31,32];
gen_vectors_as_perm:=[S!perm : perm in gen_vectors];
passport_label:=8;
gen_vect_label:=1;
is_hyperelliptic:=false;
is_cyclic_trigonal:=false;
Append(~data, rec<RecFormat | group:=G, gp_id:=gp_id, signature:=signature, gen_vectors:=gen_vectors_as_perm, conj_classes:=cc, genus:=genus, dimension:=dim, r:=r, g0:=g0, passport_label:= passport_label,gen_vect_label:=gen_vect_label, is_hyperelliptic:=is_hyperelliptic,is_cyclic_trigonal:=is_cyclic_trigonal >);

// Here we add an action to data.
gen_vectors:=[[7, 8, 6, 5, 2, 1, 4, 3, 15, 16, 14, 13, 10, 9, 12, 11, 23, 24, 22, 21, 18, 17, 20, 19, 31, 32, 30, 29, 26, 25, 28, 27], [17, 18, 19, 20, 21, 22, 23, 24, 25, 26, 27, 28, 29, 30, 31, 32, 9, 10, 11, 12, 13, 14, 15, 16, 5, 6, 7, 8, 3, 4, 2, 1], [26, 25, 28, 27, 30, 29, 32, 31, 22, 21, 24, 23, 20, 19, 17, 18, 6, 5, 8, 7, 4, 3, 1, 2, 14, 13, 16, 15, 12, 11, 9, 10]];
cc:=[6,17,26];
gen_vectors_as_perm:=[S!perm : perm in gen_vectors];
passport_label:=9;
gen_vect_label:=1;
is_hyperelliptic:=false;
is_cyclic_trigonal:=false;
Append(~data, rec<RecFormat | group:=G, gp_id:=gp_id, signature:=signature, gen_vectors:=gen_vectors_as_perm, conj_classes:=cc, genus:=genus, dimension:=dim, r:=r, g0:=g0, passport_label:= passport_label,gen_vect_label:=gen_vect_label, is_hyperelliptic:=is_hyperelliptic,is_cyclic_trigonal:=is_cyclic_trigonal >);

// Here we add an action to data.
gen_vectors:=[[7, 8, 6, 5, 2, 1, 4, 3, 15, 16, 14, 13, 10, 9, 12, 11, 23, 24, 22, 21, 18, 17, 20, 19, 31, 32, 30, 29, 26, 25, 28, 27], [25, 26, 27, 28, 29, 30, 31, 32, 21, 22, 23, 24, 19, 20, 18, 17, 5, 6, 7, 8, 3, 4, 2, 1, 13, 14, 15, 16, 11, 12, 10, 9], [18, 17, 20, 19, 22, 21, 24, 23, 26, 25, 28, 27, 30, 29, 32, 31, 10, 9, 12, 11, 14, 13, 16, 15, 6, 5, 8, 7, 4, 3, 1, 2]];
cc:=[6,18,25];
gen_vectors_as_perm:=[S!perm : perm in gen_vectors];
passport_label:=10;
gen_vect_label:=1;
is_hyperelliptic:=false;
is_cyclic_trigonal:=false;
Append(~data, rec<RecFormat | group:=G, gp_id:=gp_id, signature:=signature, gen_vectors:=gen_vectors_as_perm, conj_classes:=cc, genus:=genus, dimension:=dim, r:=r, g0:=g0, passport_label:= passport_label,gen_vect_label:=gen_vect_label, is_hyperelliptic:=is_hyperelliptic,is_cyclic_trigonal:=is_cyclic_trigonal >);

// Here we add an action to data.
gen_vectors:=[[7, 8, 6, 5, 2, 1, 4, 3, 15, 16, 14, 13, 10, 9, 12, 11, 23, 24, 22, 21, 18, 17, 20, 19, 31, 32, 30, 29, 26, 25, 28, 27], [21, 22, 23, 24, 19, 20, 18, 17, 29, 30, 31, 32, 27, 28, 26, 25, 13, 14, 15, 16, 11, 12, 10, 9, 3, 4, 2, 1, 7, 8, 6, 5], [31, 32, 30, 29, 26, 25, 28, 27, 18, 17, 20, 19, 22, 21, 24, 23, 2, 1, 4, 3, 6, 5, 8, 7, 10, 9, 12, 11, 14, 13, 16, 15]];
cc:=[6,19,24];
gen_vectors_as_perm:=[S!perm : perm in gen_vectors];
passport_label:=11;
gen_vect_label:=1;
is_hyperelliptic:=false;
is_cyclic_trigonal:=false;
Append(~data, rec<RecFormat | group:=G, gp_id:=gp_id, signature:=signature, gen_vectors:=gen_vectors_as_perm, conj_classes:=cc, genus:=genus, dimension:=dim, r:=r, g0:=g0, passport_label:= passport_label,gen_vect_label:=gen_vect_label, is_hyperelliptic:=is_hyperelliptic,is_cyclic_trigonal:=is_cyclic_trigonal >);

// Here we add an action to data.
gen_vectors:=[[7, 8, 6, 5, 2, 1, 4, 3, 15, 16, 14, 13, 10, 9, 12, 11, 23, 24, 22, 21, 18, 17, 20, 19, 31, 32, 30, 29, 26, 25, 28, 27], [29, 30, 31, 32, 27, 28, 26, 25, 19, 20, 18, 17, 23, 24, 22, 21, 3, 4, 2, 1, 7, 8, 6, 5, 11, 12, 10, 9, 15, 16, 14, 13], [23, 24, 22, 21, 18, 17, 20, 19, 31, 32, 30, 29, 26, 25, 28, 27, 15, 16, 14, 13, 10, 9, 12, 11, 2, 1, 4, 3, 6, 5, 8, 7]];
cc:=[6,20,23];
gen_vectors_as_perm:=[S!perm : perm in gen_vectors];
passport_label:=12;
gen_vect_label:=1;
is_hyperelliptic:=false;
is_cyclic_trigonal:=false;
Append(~data, rec<RecFormat | group:=G, gp_id:=gp_id, signature:=signature, gen_vectors:=gen_vectors_as_perm, conj_classes:=cc, genus:=genus, dimension:=dim, r:=r, g0:=g0, passport_label:= passport_label,gen_vect_label:=gen_vect_label, is_hyperelliptic:=is_hyperelliptic,is_cyclic_trigonal:=is_cyclic_trigonal >);

// Here we add an action to data.
gen_vectors:=[[7, 8, 6, 5, 2, 1, 4, 3, 15, 16, 14, 13, 10, 9, 12, 11, 23, 24, 22, 21, 18, 17, 20, 19, 31, 32, 30, 29, 26, 25, 28, 27], [19, 20, 18, 17, 23, 24, 22, 21, 27, 28, 26, 25, 31, 32, 30, 29, 11, 12, 10, 9, 15, 16, 14, 13, 7, 8, 6, 5, 2, 1, 4, 3], [27, 28, 26, 25, 31, 32, 30, 29, 23, 24, 22, 21, 18, 17, 20, 19, 7, 8, 6, 5, 2, 1, 4, 3, 15, 16, 14, 13, 10, 9, 12, 11]];
cc:=[6,21,22];
gen_vectors_as_perm:=[S!perm : perm in gen_vectors];
passport_label:=13;
gen_vect_label:=1;
is_hyperelliptic:=false;
is_cyclic_trigonal:=false;
Append(~data, rec<RecFormat | group:=G, gp_id:=gp_id, signature:=signature, gen_vectors:=gen_vectors_as_perm, conj_classes:=cc, genus:=genus, dimension:=dim, r:=r, g0:=g0, passport_label:= passport_label,gen_vect_label:=gen_vect_label, is_hyperelliptic:=is_hyperelliptic,is_cyclic_trigonal:=is_cyclic_trigonal >);

// Here we add an action to data.
gen_vectors:=[[7, 8, 6, 5, 2, 1, 4, 3, 15, 16, 14, 13, 10, 9, 12, 11, 23, 24, 22, 21, 18, 17, 20, 19, 31, 32, 30, 29, 26, 25, 28, 27], [22, 21, 24, 23, 20, 19, 17, 18, 30, 29, 32, 31, 28, 27, 25, 26, 14, 13, 16, 15, 12, 11, 9, 10, 4, 3, 1, 2, 8, 7, 5, 6], [32, 31, 29, 30, 25, 26, 27, 28, 17, 18, 19, 20, 21, 22, 23, 24, 1, 2, 3, 4, 5, 6, 7, 8, 9, 10, 11, 12, 13, 14, 15, 16]];
cc:=[6,27,32];
gen_vectors_as_perm:=[S!perm : perm in gen_vectors];
passport_label:=14;
gen_vect_label:=1;
is_hyperelliptic:=false;
is_cyclic_trigonal:=false;
Append(~data, rec<RecFormat | group:=G, gp_id:=gp_id, signature:=signature, gen_vectors:=gen_vectors_as_perm, conj_classes:=cc, genus:=genus, dimension:=dim, r:=r, g0:=g0, passport_label:= passport_label,gen_vect_label:=gen_vect_label, is_hyperelliptic:=is_hyperelliptic,is_cyclic_trigonal:=is_cyclic_trigonal >);

// Here we add an action to data.
gen_vectors:=[[7, 8, 6, 5, 2, 1, 4, 3, 15, 16, 14, 13, 10, 9, 12, 11, 23, 24, 22, 21, 18, 17, 20, 19, 31, 32, 30, 29, 26, 25, 28, 27], [30, 29, 32, 31, 28, 27, 25, 26, 20, 19, 17, 18, 24, 23, 21, 22, 4, 3, 1, 2, 8, 7, 5, 6, 12, 11, 9, 10, 16, 15, 13, 14], [24, 23, 21, 22, 17, 18, 19, 20, 32, 31, 29, 30, 25, 26, 27, 28, 16, 15, 13, 14, 9, 10, 11, 12, 1, 2, 3, 4, 5, 6, 7, 8]];
cc:=[6,28,31];
gen_vectors_as_perm:=[S!perm : perm in gen_vectors];
passport_label:=15;
gen_vect_label:=1;
is_hyperelliptic:=false;
is_cyclic_trigonal:=false;
Append(~data, rec<RecFormat | group:=G, gp_id:=gp_id, signature:=signature, gen_vectors:=gen_vectors_as_perm, conj_classes:=cc, genus:=genus, dimension:=dim, r:=r, g0:=g0, passport_label:= passport_label,gen_vect_label:=gen_vect_label, is_hyperelliptic:=is_hyperelliptic,is_cyclic_trigonal:=is_cyclic_trigonal >);

// Here we add an action to data.
gen_vectors:=[[7, 8, 6, 5, 2, 1, 4, 3, 15, 16, 14, 13, 10, 9, 12, 11, 23, 24, 22, 21, 18, 17, 20, 19, 31, 32, 30, 29, 26, 25, 28, 27], [20, 19, 17, 18, 24, 23, 21, 22, 28, 27, 25, 26, 32, 31, 29, 30, 12, 11, 9, 10, 16, 15, 13, 14, 8, 7, 5, 6, 1, 2, 3, 4], [28, 27, 25, 26, 32, 31, 29, 30, 24, 23, 21, 22, 17, 18, 19, 20, 8, 7, 5, 6, 1, 2, 3, 4, 16, 15, 13, 14, 9, 10, 11, 12]];
cc:=[6,29,30];
gen_vectors_as_perm:=[S!perm : perm in gen_vectors];
passport_label:=16;
gen_vect_label:=1;
is_hyperelliptic:=false;
is_cyclic_trigonal:=false;
Append(~data, rec<RecFormat | group:=G, gp_id:=gp_id, signature:=signature, gen_vectors:=gen_vectors_as_perm, conj_classes:=cc, genus:=genus, dimension:=dim, r:=r, g0:=g0, passport_label:= passport_label,gen_vect_label:=gen_vect_label, is_hyperelliptic:=is_hyperelliptic,is_cyclic_trigonal:=is_cyclic_trigonal >);

// Here we add an action to data.
gen_vectors:=[[6, 5, 8, 7, 4, 3, 1, 2, 14, 13, 16, 15, 12, 11, 9, 10, 22, 21, 24, 23, 20, 19, 17, 18, 30, 29, 32, 31, 28, 27, 25, 26], [17, 18, 19, 20, 21, 22, 23, 24, 25, 26, 27, 28, 29, 30, 31, 32, 9, 10, 11, 12, 13, 14, 15, 16, 5, 6, 7, 8, 3, 4, 2, 1], [27, 28, 26, 25, 31, 32, 30, 29, 23, 24, 22, 21, 18, 17, 20, 19, 7, 8, 6, 5, 2, 1, 4, 3, 15, 16, 14, 13, 10, 9, 12, 11]];
cc:=[7,17,22];
gen_vectors_as_perm:=[S!perm : perm in gen_vectors];
passport_label:=17;
gen_vect_label:=1;
is_hyperelliptic:=false;
is_cyclic_trigonal:=false;
Append(~data, rec<RecFormat | group:=G, gp_id:=gp_id, signature:=signature, gen_vectors:=gen_vectors_as_perm, conj_classes:=cc, genus:=genus, dimension:=dim, r:=r, g0:=g0, passport_label:= passport_label,gen_vect_label:=gen_vect_label, is_hyperelliptic:=is_hyperelliptic,is_cyclic_trigonal:=is_cyclic_trigonal >);

// Here we add an action to data.
gen_vectors:=[[6, 5, 8, 7, 4, 3, 1, 2, 14, 13, 16, 15, 12, 11, 9, 10, 22, 21, 24, 23, 20, 19, 17, 18, 30, 29, 32, 31, 28, 27, 25, 26], [25, 26, 27, 28, 29, 30, 31, 32, 21, 22, 23, 24, 19, 20, 18, 17, 5, 6, 7, 8, 3, 4, 2, 1, 13, 14, 15, 16, 11, 12, 10, 9], [19, 20, 18, 17, 23, 24, 22, 21, 27, 28, 26, 25, 31, 32, 30, 29, 11, 12, 10, 9, 15, 16, 14, 13, 7, 8, 6, 5, 2, 1, 4, 3]];
cc:=[7,18,21];
gen_vectors_as_perm:=[S!perm : perm in gen_vectors];
passport_label:=18;
gen_vect_label:=1;
is_hyperelliptic:=false;
is_cyclic_trigonal:=false;
Append(~data, rec<RecFormat | group:=G, gp_id:=gp_id, signature:=signature, gen_vectors:=gen_vectors_as_perm, conj_classes:=cc, genus:=genus, dimension:=dim, r:=r, g0:=g0, passport_label:= passport_label,gen_vect_label:=gen_vect_label, is_hyperelliptic:=is_hyperelliptic,is_cyclic_trigonal:=is_cyclic_trigonal >);

// Here we add an action to data.
gen_vectors:=[[6, 5, 8, 7, 4, 3, 1, 2, 14, 13, 16, 15, 12, 11, 9, 10, 22, 21, 24, 23, 20, 19, 17, 18, 30, 29, 32, 31, 28, 27, 25, 26], [21, 22, 23, 24, 19, 20, 18, 17, 29, 30, 31, 32, 27, 28, 26, 25, 13, 14, 15, 16, 11, 12, 10, 9, 3, 4, 2, 1, 7, 8, 6, 5], [29, 30, 31, 32, 27, 28, 26, 25, 19, 20, 18, 17, 23, 24, 22, 21, 3, 4, 2, 1, 7, 8, 6, 5, 11, 12, 10, 9, 15, 16, 14, 13]];
cc:=[7,19,20];
gen_vectors_as_perm:=[S!perm : perm in gen_vectors];
passport_label:=19;
gen_vect_label:=1;
is_hyperelliptic:=false;
is_cyclic_trigonal:=false;
Append(~data, rec<RecFormat | group:=G, gp_id:=gp_id, signature:=signature, gen_vectors:=gen_vectors_as_perm, conj_classes:=cc, genus:=genus, dimension:=dim, r:=r, g0:=g0, passport_label:= passport_label,gen_vect_label:=gen_vect_label, is_hyperelliptic:=is_hyperelliptic,is_cyclic_trigonal:=is_cyclic_trigonal >);

// Here we add an action to data.
gen_vectors:=[[6, 5, 8, 7, 4, 3, 1, 2, 14, 13, 16, 15, 12, 11, 9, 10, 22, 21, 24, 23, 20, 19, 17, 18, 30, 29, 32, 31, 28, 27, 25, 26], [23, 24, 22, 21, 18, 17, 20, 19, 31, 32, 30, 29, 26, 25, 28, 27, 15, 16, 14, 13, 10, 9, 12, 11, 2, 1, 4, 3, 6, 5, 8, 7], [32, 31, 29, 30, 25, 26, 27, 28, 17, 18, 19, 20, 21, 22, 23, 24, 1, 2, 3, 4, 5, 6, 7, 8, 9, 10, 11, 12, 13, 14, 15, 16]];
cc:=[7,23,32];
gen_vectors_as_perm:=[S!perm : perm in gen_vectors];
passport_label:=20;
gen_vect_label:=1;
is_hyperelliptic:=false;
is_cyclic_trigonal:=false;
Append(~data, rec<RecFormat | group:=G, gp_id:=gp_id, signature:=signature, gen_vectors:=gen_vectors_as_perm, conj_classes:=cc, genus:=genus, dimension:=dim, r:=r, g0:=g0, passport_label:= passport_label,gen_vect_label:=gen_vect_label, is_hyperelliptic:=is_hyperelliptic,is_cyclic_trigonal:=is_cyclic_trigonal >);

// Here we add an action to data.
gen_vectors:=[[6, 5, 8, 7, 4, 3, 1, 2, 14, 13, 16, 15, 12, 11, 9, 10, 22, 21, 24, 23, 20, 19, 17, 18, 30, 29, 32, 31, 28, 27, 25, 26], [31, 32, 30, 29, 26, 25, 28, 27, 18, 17, 20, 19, 22, 21, 24, 23, 2, 1, 4, 3, 6, 5, 8, 7, 10, 9, 12, 11, 14, 13, 16, 15], [24, 23, 21, 22, 17, 18, 19, 20, 32, 31, 29, 30, 25, 26, 27, 28, 16, 15, 13, 14, 9, 10, 11, 12, 1, 2, 3, 4, 5, 6, 7, 8]];
cc:=[7,24,31];
gen_vectors_as_perm:=[S!perm : perm in gen_vectors];
passport_label:=21;
gen_vect_label:=1;
is_hyperelliptic:=false;
is_cyclic_trigonal:=false;
Append(~data, rec<RecFormat | group:=G, gp_id:=gp_id, signature:=signature, gen_vectors:=gen_vectors_as_perm, conj_classes:=cc, genus:=genus, dimension:=dim, r:=r, g0:=g0, passport_label:= passport_label,gen_vect_label:=gen_vect_label, is_hyperelliptic:=is_hyperelliptic,is_cyclic_trigonal:=is_cyclic_trigonal >);

// Here we add an action to data.
gen_vectors:=[[6, 5, 8, 7, 4, 3, 1, 2, 14, 13, 16, 15, 12, 11, 9, 10, 22, 21, 24, 23, 20, 19, 17, 18, 30, 29, 32, 31, 28, 27, 25, 26], [18, 17, 20, 19, 22, 21, 24, 23, 26, 25, 28, 27, 30, 29, 32, 31, 10, 9, 12, 11, 14, 13, 16, 15, 6, 5, 8, 7, 4, 3, 1, 2], [28, 27, 25, 26, 32, 31, 29, 30, 24, 23, 21, 22, 17, 18, 19, 20, 8, 7, 5, 6, 1, 2, 3, 4, 16, 15, 13, 14, 9, 10, 11, 12]];
cc:=[7,25,30];
gen_vectors_as_perm:=[S!perm : perm in gen_vectors];
passport_label:=22;
gen_vect_label:=1;
is_hyperelliptic:=false;
is_cyclic_trigonal:=false;
Append(~data, rec<RecFormat | group:=G, gp_id:=gp_id, signature:=signature, gen_vectors:=gen_vectors_as_perm, conj_classes:=cc, genus:=genus, dimension:=dim, r:=r, g0:=g0, passport_label:= passport_label,gen_vect_label:=gen_vect_label, is_hyperelliptic:=is_hyperelliptic,is_cyclic_trigonal:=is_cyclic_trigonal >);

// Here we add an action to data.
gen_vectors:=[[6, 5, 8, 7, 4, 3, 1, 2, 14, 13, 16, 15, 12, 11, 9, 10, 22, 21, 24, 23, 20, 19, 17, 18, 30, 29, 32, 31, 28, 27, 25, 26], [26, 25, 28, 27, 30, 29, 32, 31, 22, 21, 24, 23, 20, 19, 17, 18, 6, 5, 8, 7, 4, 3, 1, 2, 14, 13, 16, 15, 12, 11, 9, 10], [20, 19, 17, 18, 24, 23, 21, 22, 28, 27, 25, 26, 32, 31, 29, 30, 12, 11, 9, 10, 16, 15, 13, 14, 8, 7, 5, 6, 1, 2, 3, 4]];
cc:=[7,26,29];
gen_vectors_as_perm:=[S!perm : perm in gen_vectors];
passport_label:=23;
gen_vect_label:=1;
is_hyperelliptic:=false;
is_cyclic_trigonal:=false;
Append(~data, rec<RecFormat | group:=G, gp_id:=gp_id, signature:=signature, gen_vectors:=gen_vectors_as_perm, conj_classes:=cc, genus:=genus, dimension:=dim, r:=r, g0:=g0, passport_label:= passport_label,gen_vect_label:=gen_vect_label, is_hyperelliptic:=is_hyperelliptic,is_cyclic_trigonal:=is_cyclic_trigonal >);

// Here we add an action to data.
gen_vectors:=[[6, 5, 8, 7, 4, 3, 1, 2, 14, 13, 16, 15, 12, 11, 9, 10, 22, 21, 24, 23, 20, 19, 17, 18, 30, 29, 32, 31, 28, 27, 25, 26], [22, 21, 24, 23, 20, 19, 17, 18, 30, 29, 32, 31, 28, 27, 25, 26, 14, 13, 16, 15, 12, 11, 9, 10, 4, 3, 1, 2, 8, 7, 5, 6], [30, 29, 32, 31, 28, 27, 25, 26, 20, 19, 17, 18, 24, 23, 21, 22, 4, 3, 1, 2, 8, 7, 5, 6, 12, 11, 9, 10, 16, 15, 13, 14]];
cc:=[7,27,28];
gen_vectors_as_perm:=[S!perm : perm in gen_vectors];
passport_label:=24;
gen_vect_label:=1;
is_hyperelliptic:=false;
is_cyclic_trigonal:=false;
Append(~data, rec<RecFormat | group:=G, gp_id:=gp_id, signature:=signature, gen_vectors:=gen_vectors_as_perm, conj_classes:=cc, genus:=genus, dimension:=dim, r:=r, g0:=g0, passport_label:= passport_label,gen_vect_label:=gen_vect_label, is_hyperelliptic:=is_hyperelliptic,is_cyclic_trigonal:=is_cyclic_trigonal >);

// Here we add an action to data.
gen_vectors:=[[8, 7, 5, 6, 1, 2, 3, 4, 16, 15, 13, 14, 9, 10, 11, 12, 24, 23, 21, 22, 17, 18, 19, 20, 32, 31, 29, 30, 25, 26, 27, 28], [17, 18, 19, 20, 21, 22, 23, 24, 25, 26, 27, 28, 29, 30, 31, 32, 9, 10, 11, 12, 13, 14, 15, 16, 5, 6, 7, 8, 3, 4, 2, 1], [25, 26, 27, 28, 29, 30, 31, 32, 21, 22, 23, 24, 19, 20, 18, 17, 5, 6, 7, 8, 3, 4, 2, 1, 13, 14, 15, 16, 11, 12, 10, 9]];
cc:=[8,17,18];
gen_vectors_as_perm:=[S!perm : perm in gen_vectors];
passport_label:=25;
gen_vect_label:=1;
is_hyperelliptic:=false;
is_cyclic_trigonal:=false;
Append(~data, rec<RecFormat | group:=G, gp_id:=gp_id, signature:=signature, gen_vectors:=gen_vectors_as_perm, conj_classes:=cc, genus:=genus, dimension:=dim, r:=r, g0:=g0, passport_label:= passport_label,gen_vect_label:=gen_vect_label, is_hyperelliptic:=is_hyperelliptic,is_cyclic_trigonal:=is_cyclic_trigonal >);

// Here we add an action to data.
gen_vectors:=[[8, 7, 5, 6, 1, 2, 3, 4, 16, 15, 13, 14, 9, 10, 11, 12, 24, 23, 21, 22, 17, 18, 19, 20, 32, 31, 29, 30, 25, 26, 27, 28], [21, 22, 23, 24, 19, 20, 18, 17, 29, 30, 31, 32, 27, 28, 26, 25, 13, 14, 15, 16, 11, 12, 10, 9, 3, 4, 2, 1, 7, 8, 6, 5], [32, 31, 29, 30, 25, 26, 27, 28, 17, 18, 19, 20, 21, 22, 23, 24, 1, 2, 3, 4, 5, 6, 7, 8, 9, 10, 11, 12, 13, 14, 15, 16]];
cc:=[8,19,32];
gen_vectors_as_perm:=[S!perm : perm in gen_vectors];
passport_label:=26;
gen_vect_label:=1;
is_hyperelliptic:=false;
is_cyclic_trigonal:=false;
Append(~data, rec<RecFormat | group:=G, gp_id:=gp_id, signature:=signature, gen_vectors:=gen_vectors_as_perm, conj_classes:=cc, genus:=genus, dimension:=dim, r:=r, g0:=g0, passport_label:= passport_label,gen_vect_label:=gen_vect_label, is_hyperelliptic:=is_hyperelliptic,is_cyclic_trigonal:=is_cyclic_trigonal >);

// Here we add an action to data.
gen_vectors:=[[8, 7, 5, 6, 1, 2, 3, 4, 16, 15, 13, 14, 9, 10, 11, 12, 24, 23, 21, 22, 17, 18, 19, 20, 32, 31, 29, 30, 25, 26, 27, 28], [29, 30, 31, 32, 27, 28, 26, 25, 19, 20, 18, 17, 23, 24, 22, 21, 3, 4, 2, 1, 7, 8, 6, 5, 11, 12, 10, 9, 15, 16, 14, 13], [24, 23, 21, 22, 17, 18, 19, 20, 32, 31, 29, 30, 25, 26, 27, 28, 16, 15, 13, 14, 9, 10, 11, 12, 1, 2, 3, 4, 5, 6, 7, 8]];
cc:=[8,20,31];
gen_vectors_as_perm:=[S!perm : perm in gen_vectors];
passport_label:=27;
gen_vect_label:=1;
is_hyperelliptic:=false;
is_cyclic_trigonal:=false;
Append(~data, rec<RecFormat | group:=G, gp_id:=gp_id, signature:=signature, gen_vectors:=gen_vectors_as_perm, conj_classes:=cc, genus:=genus, dimension:=dim, r:=r, g0:=g0, passport_label:= passport_label,gen_vect_label:=gen_vect_label, is_hyperelliptic:=is_hyperelliptic,is_cyclic_trigonal:=is_cyclic_trigonal >);

// Here we add an action to data.
gen_vectors:=[[8, 7, 5, 6, 1, 2, 3, 4, 16, 15, 13, 14, 9, 10, 11, 12, 24, 23, 21, 22, 17, 18, 19, 20, 32, 31, 29, 30, 25, 26, 27, 28], [19, 20, 18, 17, 23, 24, 22, 21, 27, 28, 26, 25, 31, 32, 30, 29, 11, 12, 10, 9, 15, 16, 14, 13, 7, 8, 6, 5, 2, 1, 4, 3], [28, 27, 25, 26, 32, 31, 29, 30, 24, 23, 21, 22, 17, 18, 19, 20, 8, 7, 5, 6, 1, 2, 3, 4, 16, 15, 13, 14, 9, 10, 11, 12]];
cc:=[8,21,30];
gen_vectors_as_perm:=[S!perm : perm in gen_vectors];
passport_label:=28;
gen_vect_label:=1;
is_hyperelliptic:=false;
is_cyclic_trigonal:=false;
Append(~data, rec<RecFormat | group:=G, gp_id:=gp_id, signature:=signature, gen_vectors:=gen_vectors_as_perm, conj_classes:=cc, genus:=genus, dimension:=dim, r:=r, g0:=g0, passport_label:= passport_label,gen_vect_label:=gen_vect_label, is_hyperelliptic:=is_hyperelliptic,is_cyclic_trigonal:=is_cyclic_trigonal >);

// Here we add an action to data.
gen_vectors:=[[8, 7, 5, 6, 1, 2, 3, 4, 16, 15, 13, 14, 9, 10, 11, 12, 24, 23, 21, 22, 17, 18, 19, 20, 32, 31, 29, 30, 25, 26, 27, 28], [27, 28, 26, 25, 31, 32, 30, 29, 23, 24, 22, 21, 18, 17, 20, 19, 7, 8, 6, 5, 2, 1, 4, 3, 15, 16, 14, 13, 10, 9, 12, 11], [20, 19, 17, 18, 24, 23, 21, 22, 28, 27, 25, 26, 32, 31, 29, 30, 12, 11, 9, 10, 16, 15, 13, 14, 8, 7, 5, 6, 1, 2, 3, 4]];
cc:=[8,22,29];
gen_vectors_as_perm:=[S!perm : perm in gen_vectors];
passport_label:=29;
gen_vect_label:=1;
is_hyperelliptic:=false;
is_cyclic_trigonal:=false;
Append(~data, rec<RecFormat | group:=G, gp_id:=gp_id, signature:=signature, gen_vectors:=gen_vectors_as_perm, conj_classes:=cc, genus:=genus, dimension:=dim, r:=r, g0:=g0, passport_label:= passport_label,gen_vect_label:=gen_vect_label, is_hyperelliptic:=is_hyperelliptic,is_cyclic_trigonal:=is_cyclic_trigonal >);

// Here we add an action to data.
gen_vectors:=[[8, 7, 5, 6, 1, 2, 3, 4, 16, 15, 13, 14, 9, 10, 11, 12, 24, 23, 21, 22, 17, 18, 19, 20, 32, 31, 29, 30, 25, 26, 27, 28], [23, 24, 22, 21, 18, 17, 20, 19, 31, 32, 30, 29, 26, 25, 28, 27, 15, 16, 14, 13, 10, 9, 12, 11, 2, 1, 4, 3, 6, 5, 8, 7], [30, 29, 32, 31, 28, 27, 25, 26, 20, 19, 17, 18, 24, 23, 21, 22, 4, 3, 1, 2, 8, 7, 5, 6, 12, 11, 9, 10, 16, 15, 13, 14]];
cc:=[8,23,28];
gen_vectors_as_perm:=[S!perm : perm in gen_vectors];
passport_label:=30;
gen_vect_label:=1;
is_hyperelliptic:=false;
is_cyclic_trigonal:=false;
Append(~data, rec<RecFormat | group:=G, gp_id:=gp_id, signature:=signature, gen_vectors:=gen_vectors_as_perm, conj_classes:=cc, genus:=genus, dimension:=dim, r:=r, g0:=g0, passport_label:= passport_label,gen_vect_label:=gen_vect_label, is_hyperelliptic:=is_hyperelliptic,is_cyclic_trigonal:=is_cyclic_trigonal >);

// Here we add an action to data.
gen_vectors:=[[8, 7, 5, 6, 1, 2, 3, 4, 16, 15, 13, 14, 9, 10, 11, 12, 24, 23, 21, 22, 17, 18, 19, 20, 32, 31, 29, 30, 25, 26, 27, 28], [31, 32, 30, 29, 26, 25, 28, 27, 18, 17, 20, 19, 22, 21, 24, 23, 2, 1, 4, 3, 6, 5, 8, 7, 10, 9, 12, 11, 14, 13, 16, 15], [22, 21, 24, 23, 20, 19, 17, 18, 30, 29, 32, 31, 28, 27, 25, 26, 14, 13, 16, 15, 12, 11, 9, 10, 4, 3, 1, 2, 8, 7, 5, 6]];
cc:=[8,24,27];
gen_vectors_as_perm:=[S!perm : perm in gen_vectors];
passport_label:=31;
gen_vect_label:=1;
is_hyperelliptic:=false;
is_cyclic_trigonal:=false;
Append(~data, rec<RecFormat | group:=G, gp_id:=gp_id, signature:=signature, gen_vectors:=gen_vectors_as_perm, conj_classes:=cc, genus:=genus, dimension:=dim, r:=r, g0:=g0, passport_label:= passport_label,gen_vect_label:=gen_vect_label, is_hyperelliptic:=is_hyperelliptic,is_cyclic_trigonal:=is_cyclic_trigonal >);

// Here we add an action to data.
gen_vectors:=[[8, 7, 5, 6, 1, 2, 3, 4, 16, 15, 13, 14, 9, 10, 11, 12, 24, 23, 21, 22, 17, 18, 19, 20, 32, 31, 29, 30, 25, 26, 27, 28], [18, 17, 20, 19, 22, 21, 24, 23, 26, 25, 28, 27, 30, 29, 32, 31, 10, 9, 12, 11, 14, 13, 16, 15, 6, 5, 8, 7, 4, 3, 1, 2], [26, 25, 28, 27, 30, 29, 32, 31, 22, 21, 24, 23, 20, 19, 17, 18, 6, 5, 8, 7, 4, 3, 1, 2, 14, 13, 16, 15, 12, 11, 9, 10]];
cc:=[8,25,26];
gen_vectors_as_perm:=[S!perm : perm in gen_vectors];
passport_label:=32;
gen_vect_label:=1;
is_hyperelliptic:=false;
is_cyclic_trigonal:=false;
Append(~data, rec<RecFormat | group:=G, gp_id:=gp_id, signature:=signature, gen_vectors:=gen_vectors_as_perm, conj_classes:=cc, genus:=genus, dimension:=dim, r:=r, g0:=g0, passport_label:= passport_label,gen_vect_label:=gen_vect_label, is_hyperelliptic:=is_hyperelliptic,is_cyclic_trigonal:=is_cyclic_trigonal >);

// label = 14.35-1.0.5-35-35
// Create group as a permutation group and initialize signature information.
gp_id:=[35,1];
H:=SmallGroup(gp_id[1],gp_id[2]); n:=#H; LP:=[]; LG:=[g : g in H]; for i in [1..n] do x:=LG[i]; Tx:=[LG[j]*x : j in [1..n]]; permL:=[]; for j in [1..n] do for k in [1..n] do if Tx[j] eq LG[k] then permL[j]:=k;  break; end if; end for; end for; Append(~LP,permL); end for; G:=PermutationGroup<n|LP>; 
signature:=[0,5,35,35];
genus:=14;
r:=#signature-1;
g0:=signature[1];
dim:=3*g0-3+r;
S:=Sym(gp_id[1]);

// Here we add an action to data.
gen_vectors:=[[8, 9, 10, 11, 12, 13, 14, 15, 16, 17, 18, 19, 20, 21, 22, 23, 24, 25, 26, 27, 28, 29, 30, 31, 32, 33, 34, 35, 1, 2, 3, 4, 5, 6, 7], [9, 10, 11, 12, 13, 14, 8, 16, 17, 18, 19, 20, 21, 15, 23, 24, 25, 26, 27, 28, 22, 30, 31, 32, 33, 34, 35, 29, 2, 3, 4, 5, 6, 7, 1], [28, 22, 23, 24, 25, 26, 27, 35, 29, 30, 31, 32, 33, 34, 7, 1, 2, 3, 4, 5, 6, 14, 8, 9, 10, 11, 12, 13, 21, 15, 16, 17, 18, 19, 20]];
cc:=[2,12,21];
gen_vectors_as_perm:=[S!perm : perm in gen_vectors];
passport_label:=1;
gen_vect_label:=1;
is_hyperelliptic:=false;
is_cyclic_trigonal:=false;
Append(~data, rec<RecFormat | group:=G, gp_id:=gp_id, signature:=signature, gen_vectors:=gen_vectors_as_perm, conj_classes:=cc, genus:=genus, dimension:=dim, r:=r, g0:=g0, passport_label:= passport_label,gen_vect_label:=gen_vect_label, is_hyperelliptic:=is_hyperelliptic,is_cyclic_trigonal:=is_cyclic_trigonal >);

// Here we add an action to data.
gen_vectors:=[[8, 9, 10, 11, 12, 13, 14, 15, 16, 17, 18, 19, 20, 21, 22, 23, 24, 25, 26, 27, 28, 29, 30, 31, 32, 33, 34, 35, 1, 2, 3, 4, 5, 6, 7], [17, 18, 19, 20, 21, 15, 16, 24, 25, 26, 27, 28, 22, 23, 31, 32, 33, 34, 35, 29, 30, 3, 4, 5, 6, 7, 1, 2, 10, 11, 12, 13, 14, 8, 9], [20, 21, 15, 16, 17, 18, 19, 27, 28, 22, 23, 24, 25, 26, 34, 35, 29, 30, 31, 32, 33, 6, 7, 1, 2, 3, 4, 5, 13, 14, 8, 9, 10, 11, 12]];
cc:=[2,13,20];
gen_vectors_as_perm:=[S!perm : perm in gen_vectors];
passport_label:=2;
gen_vect_label:=1;
full_auto:=[70,2];
full_sign:=[0,2,10,35];
Append(~data, rec<RecFormat | group:=G, gp_id:=gp_id, signature:=signature, gen_vectors:=gen_vectors_as_perm, conj_classes:=cc, genus:=genus, dimension:=dim, r:=r, g0:=g0, passport_label:= passport_label,gen_vect_label:=gen_vect_label,full_auto:=full_auto, full_sign:=full_sign>);

// Here we add an action to data.
gen_vectors:=[[8, 9, 10, 11, 12, 13, 14, 15, 16, 17, 18, 19, 20, 21, 22, 23, 24, 25, 26, 27, 28, 29, 30, 31, 32, 33, 34, 35, 1, 2, 3, 4, 5, 6, 7], [25, 26, 27, 28, 22, 23, 24, 32, 33, 34, 35, 29, 30, 31, 4, 5, 6, 7, 1, 2, 3, 11, 12, 13, 14, 8, 9, 10, 18, 19, 20, 21, 15, 16, 17], [12, 13, 14, 8, 9, 10, 11, 19, 20, 21, 15, 16, 17, 18, 26, 27, 28, 22, 23, 24, 25, 33, 34, 35, 29, 30, 31, 32, 5, 6, 7, 1, 2, 3, 4]];
cc:=[2,14,19];
gen_vectors_as_perm:=[S!perm : perm in gen_vectors];
passport_label:=3;
gen_vect_label:=1;
is_hyperelliptic:=false;
is_cyclic_trigonal:=false;
Append(~data, rec<RecFormat | group:=G, gp_id:=gp_id, signature:=signature, gen_vectors:=gen_vectors_as_perm, conj_classes:=cc, genus:=genus, dimension:=dim, r:=r, g0:=g0, passport_label:= passport_label,gen_vect_label:=gen_vect_label, is_hyperelliptic:=is_hyperelliptic,is_cyclic_trigonal:=is_cyclic_trigonal >);

// Here we add an action to data.
gen_vectors:=[[8, 9, 10, 11, 12, 13, 14, 15, 16, 17, 18, 19, 20, 21, 22, 23, 24, 25, 26, 27, 28, 29, 30, 31, 32, 33, 34, 35, 1, 2, 3, 4, 5, 6, 7], [14, 8, 9, 10, 11, 12, 13, 21, 15, 16, 17, 18, 19, 20, 28, 22, 23, 24, 25, 26, 27, 35, 29, 30, 31, 32, 33, 34, 7, 1, 2, 3, 4, 5, 6], [23, 24, 25, 26, 27, 28, 22, 30, 31, 32, 33, 34, 35, 29, 2, 3, 4, 5, 6, 7, 1, 9, 10, 11, 12, 13, 14, 8, 16, 17, 18, 19, 20, 21, 15]];
cc:=[2,16,17];
gen_vectors_as_perm:=[S!perm : perm in gen_vectors];
passport_label:=4;
gen_vect_label:=1;
is_hyperelliptic:=false;
is_cyclic_trigonal:=false;
Append(~data, rec<RecFormat | group:=G, gp_id:=gp_id, signature:=signature, gen_vectors:=gen_vectors_as_perm, conj_classes:=cc, genus:=genus, dimension:=dim, r:=r, g0:=g0, passport_label:= passport_label,gen_vect_label:=gen_vect_label, is_hyperelliptic:=is_hyperelliptic,is_cyclic_trigonal:=is_cyclic_trigonal >);

// Here we add an action to data.
gen_vectors:=[[8, 9, 10, 11, 12, 13, 14, 15, 16, 17, 18, 19, 20, 21, 22, 23, 24, 25, 26, 27, 28, 29, 30, 31, 32, 33, 34, 35, 1, 2, 3, 4, 5, 6, 7], [10, 11, 12, 13, 14, 8, 9, 17, 18, 19, 20, 21, 15, 16, 24, 25, 26, 27, 28, 22, 23, 31, 32, 33, 34, 35, 29, 30, 3, 4, 5, 6, 7, 1, 2], [27, 28, 22, 23, 24, 25, 26, 34, 35, 29, 30, 31, 32, 33, 6, 7, 1, 2, 3, 4, 5, 13, 14, 8, 9, 10, 11, 12, 20, 21, 15, 16, 17, 18, 19]];
cc:=[2,22,34];
gen_vectors_as_perm:=[S!perm : perm in gen_vectors];
passport_label:=5;
gen_vect_label:=1;
is_hyperelliptic:=false;
is_cyclic_trigonal:=false;
Append(~data, rec<RecFormat | group:=G, gp_id:=gp_id, signature:=signature, gen_vectors:=gen_vectors_as_perm, conj_classes:=cc, genus:=genus, dimension:=dim, r:=r, g0:=g0, passport_label:= passport_label,gen_vect_label:=gen_vect_label, is_hyperelliptic:=is_hyperelliptic,is_cyclic_trigonal:=is_cyclic_trigonal >);

// Here we add an action to data.
gen_vectors:=[[8, 9, 10, 11, 12, 13, 14, 15, 16, 17, 18, 19, 20, 21, 22, 23, 24, 25, 26, 27, 28, 29, 30, 31, 32, 33, 34, 35, 1, 2, 3, 4, 5, 6, 7], [18, 19, 20, 21, 15, 16, 17, 25, 26, 27, 28, 22, 23, 24, 32, 33, 34, 35, 29, 30, 31, 4, 5, 6, 7, 1, 2, 3, 11, 12, 13, 14, 8, 9, 10], [19, 20, 21, 15, 16, 17, 18, 26, 27, 28, 22, 23, 24, 25, 33, 34, 35, 29, 30, 31, 32, 5, 6, 7, 1, 2, 3, 4, 12, 13, 14, 8, 9, 10, 11]];
cc:=[2,23,33];
gen_vectors_as_perm:=[S!perm : perm in gen_vectors];
passport_label:=6;
gen_vect_label:=1;
full_auto:=[70,2];
full_sign:=[0,2,10,35];
Append(~data, rec<RecFormat | group:=G, gp_id:=gp_id, signature:=signature, gen_vectors:=gen_vectors_as_perm, conj_classes:=cc, genus:=genus, dimension:=dim, r:=r, g0:=g0, passport_label:= passport_label,gen_vect_label:=gen_vect_label,full_auto:=full_auto, full_sign:=full_sign>);

// Here we add an action to data.
gen_vectors:=[[8, 9, 10, 11, 12, 13, 14, 15, 16, 17, 18, 19, 20, 21, 22, 23, 24, 25, 26, 27, 28, 29, 30, 31, 32, 33, 34, 35, 1, 2, 3, 4, 5, 6, 7], [26, 27, 28, 22, 23, 24, 25, 33, 34, 35, 29, 30, 31, 32, 5, 6, 7, 1, 2, 3, 4, 12, 13, 14, 8, 9, 10, 11, 19, 20, 21, 15, 16, 17, 18], [11, 12, 13, 14, 8, 9, 10, 18, 19, 20, 21, 15, 16, 17, 25, 26, 27, 28, 22, 23, 24, 32, 33, 34, 35, 29, 30, 31, 4, 5, 6, 7, 1, 2, 3]];
cc:=[2,24,32];
gen_vectors_as_perm:=[S!perm : perm in gen_vectors];
passport_label:=7;
gen_vect_label:=1;
is_hyperelliptic:=false;
is_cyclic_trigonal:=false;
Append(~data, rec<RecFormat | group:=G, gp_id:=gp_id, signature:=signature, gen_vectors:=gen_vectors_as_perm, conj_classes:=cc, genus:=genus, dimension:=dim, r:=r, g0:=g0, passport_label:= passport_label,gen_vect_label:=gen_vect_label, is_hyperelliptic:=is_hyperelliptic,is_cyclic_trigonal:=is_cyclic_trigonal >);

// Here we add an action to data.
gen_vectors:=[[8, 9, 10, 11, 12, 13, 14, 15, 16, 17, 18, 19, 20, 21, 22, 23, 24, 25, 26, 27, 28, 29, 30, 31, 32, 33, 34, 35, 1, 2, 3, 4, 5, 6, 7], [16, 17, 18, 19, 20, 21, 15, 23, 24, 25, 26, 27, 28, 22, 30, 31, 32, 33, 34, 35, 29, 2, 3, 4, 5, 6, 7, 1, 9, 10, 11, 12, 13, 14, 8], [21, 15, 16, 17, 18, 19, 20, 28, 22, 23, 24, 25, 26, 27, 35, 29, 30, 31, 32, 33, 34, 7, 1, 2, 3, 4, 5, 6, 14, 8, 9, 10, 11, 12, 13]];
cc:=[2,26,30];
gen_vectors_as_perm:=[S!perm : perm in gen_vectors];
passport_label:=8;
gen_vect_label:=1;
full_auto:=[70,2];
full_sign:=[0,2,10,35];
Append(~data, rec<RecFormat | group:=G, gp_id:=gp_id, signature:=signature, gen_vectors:=gen_vectors_as_perm, conj_classes:=cc, genus:=genus, dimension:=dim, r:=r, g0:=g0, passport_label:= passport_label,gen_vect_label:=gen_vect_label,full_auto:=full_auto, full_sign:=full_sign>);

// Here we add an action to data.
gen_vectors:=[[8, 9, 10, 11, 12, 13, 14, 15, 16, 17, 18, 19, 20, 21, 22, 23, 24, 25, 26, 27, 28, 29, 30, 31, 32, 33, 34, 35, 1, 2, 3, 4, 5, 6, 7], [24, 25, 26, 27, 28, 22, 23, 31, 32, 33, 34, 35, 29, 30, 3, 4, 5, 6, 7, 1, 2, 10, 11, 12, 13, 14, 8, 9, 17, 18, 19, 20, 21, 15, 16], [13, 14, 8, 9, 10, 11, 12, 20, 21, 15, 16, 17, 18, 19, 27, 28, 22, 23, 24, 25, 26, 34, 35, 29, 30, 31, 32, 33, 6, 7, 1, 2, 3, 4, 5]];
cc:=[2,27,29];
gen_vectors_as_perm:=[S!perm : perm in gen_vectors];
passport_label:=9;
gen_vect_label:=1;
is_hyperelliptic:=false;
is_cyclic_trigonal:=false;
Append(~data, rec<RecFormat | group:=G, gp_id:=gp_id, signature:=signature, gen_vectors:=gen_vectors_as_perm, conj_classes:=cc, genus:=genus, dimension:=dim, r:=r, g0:=g0, passport_label:= passport_label,gen_vect_label:=gen_vect_label, is_hyperelliptic:=is_hyperelliptic,is_cyclic_trigonal:=is_cyclic_trigonal >);

// Here we add an action to data.
gen_vectors:=[[15, 16, 17, 18, 19, 20, 21, 22, 23, 24, 25, 26, 27, 28, 29, 30, 31, 32, 33, 34, 35, 1, 2, 3, 4, 5, 6, 7, 8, 9, 10, 11, 12, 13, 14], [9, 10, 11, 12, 13, 14, 8, 16, 17, 18, 19, 20, 21, 15, 23, 24, 25, 26, 27, 28, 22, 30, 31, 32, 33, 34, 35, 29, 2, 3, 4, 5, 6, 7, 1], [21, 15, 16, 17, 18, 19, 20, 28, 22, 23, 24, 25, 26, 27, 35, 29, 30, 31, 32, 33, 34, 7, 1, 2, 3, 4, 5, 6, 14, 8, 9, 10, 11, 12, 13]];
cc:=[3,12,30];
gen_vectors_as_perm:=[S!perm : perm in gen_vectors];
passport_label:=10;
gen_vect_label:=1;
is_hyperelliptic:=false;
is_cyclic_trigonal:=false;
Append(~data, rec<RecFormat | group:=G, gp_id:=gp_id, signature:=signature, gen_vectors:=gen_vectors_as_perm, conj_classes:=cc, genus:=genus, dimension:=dim, r:=r, g0:=g0, passport_label:= passport_label,gen_vect_label:=gen_vect_label, is_hyperelliptic:=is_hyperelliptic,is_cyclic_trigonal:=is_cyclic_trigonal >);

// Here we add an action to data.
gen_vectors:=[[15, 16, 17, 18, 19, 20, 21, 22, 23, 24, 25, 26, 27, 28, 29, 30, 31, 32, 33, 34, 35, 1, 2, 3, 4, 5, 6, 7, 8, 9, 10, 11, 12, 13, 14], [17, 18, 19, 20, 21, 15, 16, 24, 25, 26, 27, 28, 22, 23, 31, 32, 33, 34, 35, 29, 30, 3, 4, 5, 6, 7, 1, 2, 10, 11, 12, 13, 14, 8, 9], [13, 14, 8, 9, 10, 11, 12, 20, 21, 15, 16, 17, 18, 19, 27, 28, 22, 23, 24, 25, 26, 34, 35, 29, 30, 31, 32, 33, 6, 7, 1, 2, 3, 4, 5]];
cc:=[3,13,29];
gen_vectors_as_perm:=[S!perm : perm in gen_vectors];
passport_label:=11;
gen_vect_label:=1;
is_hyperelliptic:=false;
is_cyclic_trigonal:=false;
Append(~data, rec<RecFormat | group:=G, gp_id:=gp_id, signature:=signature, gen_vectors:=gen_vectors_as_perm, conj_classes:=cc, genus:=genus, dimension:=dim, r:=r, g0:=g0, passport_label:= passport_label,gen_vect_label:=gen_vect_label, is_hyperelliptic:=is_hyperelliptic,is_cyclic_trigonal:=is_cyclic_trigonal >);

// Here we add an action to data.
