// Magma CODE FOR SEARCH RESULTS

// The results are stored in a list of records called 'data'

RecFormat:=recformat<group,gp_id, signature,gen_vectors,conj_classes,genus,dimension,r,g0, passport_label,gen_vect_label, is_hyperelliptic, hyp_involution, is_cyclic_trigonal,cyc_auto,full_auto, full_sign,topological_class,braid_class>;

data:=[];

// label = 6.120-34.0.2-4-6
// Create group as a permutation group and initialize signature information.
gp_id:=[120,34];
H:=SmallGroup(gp_id[1],gp_id[2]); n:=#H; LP:=[]; LG:=[g : g in H]; for i in [1..n] do x:=LG[i]; Tx:=[LG[j]*x : j in [1..n]]; permL:=[]; for j in [1..n] do for k in [1..n] do if Tx[j] eq LG[k] then permL[j]:=k;  break; end if; end for; end for; Append(~LP,permL); end for; G:=PermutationGroup<n|LP>; 
signature:=[0,2,4,6];
genus:=6;
r:=#signature-1;
g0:=signature[1];
dim:=3*g0-3+r;
S:=Sym(gp_id[1]);

// Here we add an action to data.
gen_vectors:=[[45, 13, 27, 54, 81, 20, 23, 32, 59, 71, 70, 28, 2, 84, 76, 75, 58, 97, 89, 6, 65, 33, 7, 74, 101, 40, 3, 12, 79, 51, 50, 8, 22, 104, 56, 55, 78, 117, 109, 26, 85, 53, 107, 94, 1, 60, 103, 112, 99, 31, 30, 108, 42, 4, 36, 35, 98, 17, 9, 46, 105, 73, 87, 114, 21, 80, 83, 92, 119, 11, 10, 88, 62, 24, 16, 15, 118, 37, 29, 66, 5, 93, 67, 14, 41, 100, 63, 72, 19, 111, 110, 68, 82, 44, 116, 115, 18, 57, 49, 86, 25, 113, 47, 34, 61, 120, 43, 52, 39, 91, 90, 48, 102, 64, 96, 95, 38, 77, 69, 106], [19, 87, 6, 65, 23, 44, 92, 1, 70, 13, 49, 97, 31, 20, 8, 54, 2, 36, 15, 78, 39, 107, 26, 45, 3, 64, 112, 21, 50, 33, 69, 117, 11, 40, 28, 74, 22, 16, 35, 58, 59, 7, 46, 25, 103, 84, 12, 41, 30, 53, 89, 17, 111, 60, 48, 94, 42, 116, 55, 38, 79, 27, 66, 5, 83, 104, 32, 61, 10, 73, 109, 37, 91, 80, 68, 114, 62, 96, 75, 18, 99, 47, 86, 105, 63, 4, 52, 81, 110, 93, 9, 57, 71, 100, 88, 14, 82, 76, 95, 118, 119, 67, 106, 85, 43, 24, 72, 101, 90, 113, 29, 77, 51, 120, 108, 34, 102, 56, 115, 98], [32, 58, 101, 100, 114, 27, 53, 76, 110, 119, 22, 103, 71, 115, 89, 117, 108, 66, 45, 84, 12, 78, 81, 120, 94, 7, 73, 56, 90, 99, 2, 83, 51, 95, 109, 97, 88, 46, 65, 104, 112, 98, 61, 20, 74, 107, 93, 36, 70, 79, 102, 63, 31, 75, 9, 77, 68, 26, 85, 4, 92, 118, 41, 40, 54, 87, 113, 16, 50, 59, 82, 43, 11, 55, 29, 57, 48, 6, 105, 24, 72, 18, 21, 60, 34, 67, 13, 116, 30, 39, 62, 23, 111, 35, 49, 37, 28, 106, 5, 44, 52, 38, 1, 80, 14, 47, 33, 96, 10, 19, 42, 3, 91, 15, 69, 17, 8, 86, 25, 64]];
cc:=[3,5,7];
gen_vectors_as_perm:=[S!perm : perm in gen_vectors];
passport_label:=1;
gen_vect_label:=1;
is_hyperelliptic:=false;
is_cyclic_trigonal:=false;
Append(~data, rec<RecFormat | group:=G, gp_id:=gp_id, signature:=signature, gen_vectors:=gen_vectors_as_perm, conj_classes:=cc, genus:=genus, dimension:=dim, r:=r, g0:=g0, passport_label:= passport_label,gen_vect_label:=gen_vect_label, is_hyperelliptic:=is_hyperelliptic,is_cyclic_trigonal:=is_cyclic_trigonal >);

// label = 6.24-2.0.2-24-24
// Create group as a permutation group and initialize signature information.
gp_id:=[24,2];
H:=SmallGroup(gp_id[1],gp_id[2]); n:=#H; LP:=[]; LG:=[g : g in H]; for i in [1..n] do x:=LG[i]; Tx:=[LG[j]*x : j in [1..n]]; permL:=[]; for j in [1..n] do for k in [1..n] do if Tx[j] eq LG[k] then permL[j]:=k;  break; end if; end for; end for; Append(~LP,permL); end for; G:=PermutationGroup<n|LP>; 
signature:=[0,2,24,24];
genus:=6;
r:=#signature-1;
g0:=signature[1];
dim:=3*g0-3+r;
S:=Sym(gp_id[1]);

// Here we add an action to data.
gen_vectors:=[[2, 1, 4, 3, 6, 5, 8, 7, 10, 9, 12, 11, 14, 13, 16, 15, 18, 17, 20, 19, 22, 21, 24, 23], [17, 18, 19, 20, 21, 22, 23, 24, 13, 14, 15, 16, 7, 8, 6, 5, 11, 12, 10, 9, 3, 4, 2, 1], [23, 24, 22, 21, 15, 16, 14, 13, 19, 20, 18, 17, 10, 9, 12, 11, 2, 1, 4, 3, 6, 5, 8, 7]];
cc:=[2,17,20];
gen_vectors_as_perm:=[S!perm : perm in gen_vectors];
passport_label:=1;
gen_vect_label:=1;
full_auto:=[48,6];
full_sign:=[0,2,4,24];
Append(~data, rec<RecFormat | group:=G, gp_id:=gp_id, signature:=signature, gen_vectors:=gen_vectors_as_perm, conj_classes:=cc, genus:=genus, dimension:=dim, r:=r, g0:=g0, passport_label:= passport_label,gen_vect_label:=gen_vect_label,full_auto:=full_auto, full_sign:=full_sign>);

// Here we add an action to data.
gen_vectors:=[[2, 1, 4, 3, 6, 5, 8, 7, 10, 9, 12, 11, 14, 13, 16, 15, 18, 17, 20, 19, 22, 21, 24, 23], [22, 21, 24, 23, 14, 13, 16, 15, 18, 17, 20, 19, 12, 11, 9, 10, 4, 3, 1, 2, 8, 7, 5, 6], [20, 19, 17, 18, 24, 23, 21, 22, 16, 15, 13, 14, 5, 6, 7, 8, 9, 10, 11, 12, 1, 2, 3, 4]];
cc:=[2,18,19];
gen_vectors_as_perm:=[S!perm : perm in gen_vectors];
passport_label:=2;
gen_vect_label:=1;
full_auto:=[48,6];
full_sign:=[0,2,4,24];
Append(~data, rec<RecFormat | group:=G, gp_id:=gp_id, signature:=signature, gen_vectors:=gen_vectors_as_perm, conj_classes:=cc, genus:=genus, dimension:=dim, r:=r, g0:=g0, passport_label:= passport_label,gen_vect_label:=gen_vect_label,full_auto:=full_auto, full_sign:=full_sign>);

// Here we add an action to data.
gen_vectors:=[[2, 1, 4, 3, 6, 5, 8, 7, 10, 9, 12, 11, 14, 13, 16, 15, 18, 17, 20, 19, 22, 21, 24, 23], [18, 17, 20, 19, 22, 21, 24, 23, 14, 13, 16, 15, 8, 7, 5, 6, 12, 11, 9, 10, 4, 3, 1, 2], [24, 23, 21, 22, 16, 15, 13, 14, 20, 19, 17, 18, 9, 10, 11, 12, 1, 2, 3, 4, 5, 6, 7, 8]];
cc:=[2,21,24];
gen_vectors_as_perm:=[S!perm : perm in gen_vectors];
passport_label:=3;
gen_vect_label:=1;
full_auto:=[48,6];
full_sign:=[0,2,4,24];
Append(~data, rec<RecFormat | group:=G, gp_id:=gp_id, signature:=signature, gen_vectors:=gen_vectors_as_perm, conj_classes:=cc, genus:=genus, dimension:=dim, r:=r, g0:=g0, passport_label:= passport_label,gen_vect_label:=gen_vect_label,full_auto:=full_auto, full_sign:=full_sign>);

// Here we add an action to data.
gen_vectors:=[[2, 1, 4, 3, 6, 5, 8, 7, 10, 9, 12, 11, 14, 13, 16, 15, 18, 17, 20, 19, 22, 21, 24, 23], [21, 22, 23, 24, 13, 14, 15, 16, 17, 18, 19, 20, 11, 12, 10, 9, 3, 4, 2, 1, 7, 8, 6, 5], [19, 20, 18, 17, 23, 24, 22, 21, 15, 16, 14, 13, 6, 5, 8, 7, 10, 9, 12, 11, 2, 1, 4, 3]];
cc:=[2,22,23];
gen_vectors_as_perm:=[S!perm : perm in gen_vectors];
passport_label:=4;
gen_vect_label:=1;
full_auto:=[48,6];
full_sign:=[0,2,4,24];
Append(~data, rec<RecFormat | group:=G, gp_id:=gp_id, signature:=signature, gen_vectors:=gen_vectors_as_perm, conj_classes:=cc, genus:=genus, dimension:=dim, r:=r, g0:=g0, passport_label:= passport_label,gen_vect_label:=gen_vect_label,full_auto:=full_auto, full_sign:=full_sign>);

// label = 6.75-2.0.3-3-5
// Create group as a permutation group and initialize signature information.
gp_id:=[75,2];
H:=SmallGroup(gp_id[1],gp_id[2]); n:=#H; LP:=[]; LG:=[g : g in H]; for i in [1..n] do x:=LG[i]; Tx:=[LG[j]*x : j in [1..n]]; permL:=[]; for j in [1..n] do for k in [1..n] do if Tx[j] eq LG[k] then permL[j]:=k;  break; end if; end for; end for; Append(~LP,permL); end for; G:=PermutationGroup<n|LP>; 
signature:=[0,3,3,5];
genus:=6;
r:=#signature-1;
g0:=signature[1];
dim:=3*g0-3+r;
S:=Sym(gp_id[1]);

// Here we add an action to data.
gen_vectors:=[[26, 34, 37, 45, 48, 33, 36, 44, 47, 30, 40, 43, 46, 29, 32, 42, 50, 28, 31, 39, 49, 27, 35, 38, 41, 51, 59, 62, 70, 73, 58, 61, 69, 72, 55, 65, 68, 71, 54, 57, 67, 75, 53, 56, 64, 74, 52, 60, 63, 66, 1, 9, 12, 20, 23, 8, 11, 19, 22, 5, 15, 18, 21, 4, 7, 17, 25, 3, 6, 14, 24, 2, 10, 13, 16], [73, 69, 65, 56, 52, 61, 57, 53, 74, 70, 54, 75, 66, 62, 58, 67, 63, 59, 55, 71, 60, 51, 72, 68, 64, 23, 19, 15, 6, 2, 11, 7, 3, 24, 20, 4, 25, 16, 12, 8, 17, 13, 9, 5, 21, 10, 1, 22, 18, 14, 48, 44, 40, 31, 27, 36, 32, 28, 49, 45, 29, 50, 41, 37, 33, 42, 38, 34, 30, 46, 35, 26, 47, 43, 39], [9, 10, 6, 7, 8, 14, 15, 11, 12, 13, 19, 20, 16, 17, 18, 24, 25, 21, 22, 23, 4, 5, 1, 2, 3, 34, 35, 31, 32, 33, 39, 40, 36, 37, 38, 44, 45, 41, 42, 43, 49, 50, 46, 47, 48, 29, 30, 26, 27, 28, 59, 60, 56, 57, 58, 64, 65, 61, 62, 63, 69, 70, 66, 67, 68, 74, 75, 71, 72, 73, 54, 55, 51, 52, 53]];
cc:=[2,3,4];
gen_vectors_as_perm:=[S!perm : perm in gen_vectors];
passport_label:=1;
gen_vect_label:=1;
full_auto:=[150,5];
full_sign:=[0,2,3,10];
Append(~data, rec<RecFormat | group:=G, gp_id:=gp_id, signature:=signature, gen_vectors:=gen_vectors_as_perm, conj_classes:=cc, genus:=genus, dimension:=dim, r:=r, g0:=g0, passport_label:= passport_label,gen_vect_label:=gen_vect_label,full_auto:=full_auto, full_sign:=full_sign>);

// Here we add an action to data.
gen_vectors:=[[26, 34, 37, 45, 48, 33, 36, 44, 47, 30, 40, 43, 46, 29, 32, 42, 50, 28, 31, 39, 49, 27, 35, 38, 41, 51, 59, 62, 70, 73, 58, 61, 69, 72, 55, 65, 68, 71, 54, 57, 67, 75, 53, 56, 64, 74, 52, 60, 63, 66, 1, 9, 12, 20, 23, 8, 11, 19, 22, 5, 15, 18, 21, 4, 7, 17, 25, 3, 6, 14, 24, 2, 10, 13, 16], [70, 61, 57, 53, 74, 58, 54, 75, 66, 62, 71, 67, 63, 59, 55, 64, 60, 51, 72, 68, 52, 73, 69, 65, 56, 20, 11, 7, 3, 24, 8, 4, 25, 16, 12, 21, 17, 13, 9, 5, 14, 10, 1, 22, 18, 2, 23, 19, 15, 6, 45, 36, 32, 28, 49, 33, 29, 50, 41, 37, 46, 42, 38, 34, 30, 39, 35, 26, 47, 43, 27, 48, 44, 40, 31], [12, 13, 14, 15, 11, 17, 18, 19, 20, 16, 22, 23, 24, 25, 21, 2, 3, 4, 5, 1, 7, 8, 9, 10, 6, 37, 38, 39, 40, 36, 42, 43, 44, 45, 41, 47, 48, 49, 50, 46, 27, 28, 29, 30, 26, 32, 33, 34, 35, 31, 62, 63, 64, 65, 61, 67, 68, 69, 70, 66, 72, 73, 74, 75, 71, 52, 53, 54, 55, 51, 57, 58, 59, 60, 56]];
cc:=[2,3,5];
gen_vectors_as_perm:=[S!perm : perm in gen_vectors];
passport_label:=2;
gen_vect_label:=1;
full_auto:=[150,5];
full_sign:=[0,2,3,10];
Append(~data, rec<RecFormat | group:=G, gp_id:=gp_id, signature:=signature, gen_vectors:=gen_vectors_as_perm, conj_classes:=cc, genus:=genus, dimension:=dim, r:=r, g0:=g0, passport_label:= passport_label,gen_vect_label:=gen_vect_label,full_auto:=full_auto, full_sign:=full_sign>);

// Here we add an action to data.
gen_vectors:=[[26, 34, 37, 45, 48, 33, 36, 44, 47, 30, 40, 43, 46, 29, 32, 42, 50, 28, 31, 39, 49, 27, 35, 38, 41, 51, 59, 62, 70, 73, 58, 61, 69, 72, 55, 65, 68, 71, 54, 57, 67, 75, 53, 56, 64, 74, 52, 60, 63, 66, 1, 9, 12, 20, 23, 8, 11, 19, 22, 5, 15, 18, 21, 4, 7, 17, 25, 3, 6, 14, 24, 2, 10, 13, 16], [68, 64, 60, 51, 72, 56, 52, 73, 69, 65, 74, 70, 61, 57, 53, 62, 58, 54, 75, 66, 55, 71, 67, 63, 59, 18, 14, 10, 1, 22, 6, 2, 23, 19, 15, 24, 20, 11, 7, 3, 12, 8, 4, 25, 16, 5, 21, 17, 13, 9, 43, 39, 35, 26, 47, 31, 27, 48, 44, 40, 49, 45, 36, 32, 28, 37, 33, 29, 50, 41, 30, 46, 42, 38, 34], [14, 15, 11, 12, 13, 19, 20, 16, 17, 18, 24, 25, 21, 22, 23, 4, 5, 1, 2, 3, 9, 10, 6, 7, 8, 39, 40, 36, 37, 38, 44, 45, 41, 42, 43, 49, 50, 46, 47, 48, 29, 30, 26, 27, 28, 34, 35, 31, 32, 33, 64, 65, 61, 62, 63, 69, 70, 66, 67, 68, 74, 75, 71, 72, 73, 54, 55, 51, 52, 53, 59, 60, 56, 57, 58]];
cc:=[2,3,6];
gen_vectors_as_perm:=[S!perm : perm in gen_vectors];
passport_label:=3;
gen_vect_label:=1;
full_auto:=[150,5];
full_sign:=[0,2,3,10];
Append(~data, rec<RecFormat | group:=G, gp_id:=gp_id, signature:=signature, gen_vectors:=gen_vectors_as_perm, conj_classes:=cc, genus:=genus, dimension:=dim, r:=r, g0:=g0, passport_label:= passport_label,gen_vect_label:=gen_vect_label,full_auto:=full_auto, full_sign:=full_sign>);

// Here we add an action to data.
gen_vectors:=[[26, 34, 37, 45, 48, 33, 36, 44, 47, 30, 40, 43, 46, 29, 32, 42, 50, 28, 31, 39, 49, 27, 35, 38, 41, 51, 59, 62, 70, 73, 58, 61, 69, 72, 55, 65, 68, 71, 54, 57, 67, 75, 53, 56, 64, 74, 52, 60, 63, 66, 1, 9, 12, 20, 23, 8, 11, 19, 22, 5, 15, 18, 21, 4, 7, 17, 25, 3, 6, 14, 24, 2, 10, 13, 16], [72, 68, 64, 60, 51, 65, 56, 52, 73, 69, 53, 74, 70, 61, 57, 66, 62, 58, 54, 75, 59, 55, 71, 67, 63, 22, 18, 14, 10, 1, 15, 6, 2, 23, 19, 3, 24, 20, 11, 7, 16, 12, 8, 4, 25, 9, 5, 21, 17, 13, 47, 43, 39, 35, 26, 40, 31, 27, 48, 44, 28, 49, 45, 36, 32, 41, 37, 33, 29, 50, 34, 30, 46, 42, 38], [10, 6, 7, 8, 9, 15, 11, 12, 13, 14, 20, 16, 17, 18, 19, 25, 21, 22, 23, 24, 5, 1, 2, 3, 4, 35, 31, 32, 33, 34, 40, 36, 37, 38, 39, 45, 41, 42, 43, 44, 50, 46, 47, 48, 49, 30, 26, 27, 28, 29, 60, 56, 57, 58, 59, 65, 61, 62, 63, 64, 70, 66, 67, 68, 69, 75, 71, 72, 73, 74, 55, 51, 52, 53, 54]];
cc:=[2,3,7];
gen_vectors_as_perm:=[S!perm : perm in gen_vectors];
passport_label:=4;
gen_vect_label:=1;
full_auto:=[150,5];
full_sign:=[0,2,3,10];
Append(~data, rec<RecFormat | group:=G, gp_id:=gp_id, signature:=signature, gen_vectors:=gen_vectors_as_perm, conj_classes:=cc, genus:=genus, dimension:=dim, r:=r, g0:=g0, passport_label:= passport_label,gen_vect_label:=gen_vect_label,full_auto:=full_auto, full_sign:=full_sign>);

// Here we add an action to data.
gen_vectors:=[[26, 34, 37, 45, 48, 33, 36, 44, 47, 30, 40, 43, 46, 29, 32, 42, 50, 28, 31, 39, 49, 27, 35, 38, 41, 51, 59, 62, 70, 73, 58, 61, 69, 72, 55, 65, 68, 71, 54, 57, 67, 75, 53, 56, 64, 74, 52, 60, 63, 66, 1, 9, 12, 20, 23, 8, 11, 19, 22, 5, 15, 18, 21, 4, 7, 17, 25, 3, 6, 14, 24, 2, 10, 13, 16], [71, 67, 63, 59, 55, 64, 60, 51, 72, 68, 52, 73, 69, 65, 56, 70, 61, 57, 53, 74, 58, 54, 75, 66, 62, 21, 17, 13, 9, 5, 14, 10, 1, 22, 18, 2, 23, 19, 15, 6, 20, 11, 7, 3, 24, 8, 4, 25, 16, 12, 46, 42, 38, 34, 30, 39, 35, 26, 47, 43, 27, 48, 44, 40, 31, 45, 36, 32, 28, 49, 33, 29, 50, 41, 37], [6, 7, 8, 9, 10, 11, 12, 13, 14, 15, 16, 17, 18, 19, 20, 21, 22, 23, 24, 25, 1, 2, 3, 4, 5, 31, 32, 33, 34, 35, 36, 37, 38, 39, 40, 41, 42, 43, 44, 45, 46, 47, 48, 49, 50, 26, 27, 28, 29, 30, 56, 57, 58, 59, 60, 61, 62, 63, 64, 65, 66, 67, 68, 69, 70, 71, 72, 73, 74, 75, 51, 52, 53, 54, 55]];
cc:=[2,3,8];
gen_vectors_as_perm:=[S!perm : perm in gen_vectors];
passport_label:=5;
gen_vect_label:=1;
full_auto:=[150,5];
full_sign:=[0,2,3,10];
Append(~data, rec<RecFormat | group:=G, gp_id:=gp_id, signature:=signature, gen_vectors:=gen_vectors_as_perm, conj_classes:=cc, genus:=genus, dimension:=dim, r:=r, g0:=g0, passport_label:= passport_label,gen_vect_label:=gen_vect_label,full_auto:=full_auto, full_sign:=full_sign>);

// Here we add an action to data.
gen_vectors:=[[26, 34, 37, 45, 48, 33, 36, 44, 47, 30, 40, 43, 46, 29, 32, 42, 50, 28, 31, 39, 49, 27, 35, 38, 41, 51, 59, 62, 70, 73, 58, 61, 69, 72, 55, 65, 68, 71, 54, 57, 67, 75, 53, 56, 64, 74, 52, 60, 63, 66, 1, 9, 12, 20, 23, 8, 11, 19, 22, 5, 15, 18, 21, 4, 7, 17, 25, 3, 6, 14, 24, 2, 10, 13, 16], [66, 62, 58, 54, 75, 59, 55, 71, 67, 63, 72, 68, 64, 60, 51, 65, 56, 52, 73, 69, 53, 74, 70, 61, 57, 16, 12, 8, 4, 25, 9, 5, 21, 17, 13, 22, 18, 14, 10, 1, 15, 6, 2, 23, 19, 3, 24, 20, 11, 7, 41, 37, 33, 29, 50, 34, 30, 46, 42, 38, 47, 43, 39, 35, 26, 40, 31, 27, 48, 44, 28, 49, 45, 36, 32], [11, 12, 13, 14, 15, 16, 17, 18, 19, 20, 21, 22, 23, 24, 25, 1, 2, 3, 4, 5, 6, 7, 8, 9, 10, 36, 37, 38, 39, 40, 41, 42, 43, 44, 45, 46, 47, 48, 49, 50, 26, 27, 28, 29, 30, 31, 32, 33, 34, 35, 61, 62, 63, 64, 65, 66, 67, 68, 69, 70, 71, 72, 73, 74, 75, 51, 52, 53, 54, 55, 56, 57, 58, 59, 60]];
cc:=[2,3,9];
gen_vectors_as_perm:=[S!perm : perm in gen_vectors];
passport_label:=6;
gen_vect_label:=1;
full_auto:=[150,5];
full_sign:=[0,2,3,10];
Append(~data, rec<RecFormat | group:=G, gp_id:=gp_id, signature:=signature, gen_vectors:=gen_vectors_as_perm, conj_classes:=cc, genus:=genus, dimension:=dim, r:=r, g0:=g0, passport_label:= passport_label,gen_vect_label:=gen_vect_label,full_auto:=full_auto, full_sign:=full_sign>);

// Here we add an action to data.
gen_vectors:=[[26, 34, 37, 45, 48, 33, 36, 44, 47, 30, 40, 43, 46, 29, 32, 42, 50, 28, 31, 39, 49, 27, 35, 38, 41, 51, 59, 62, 70, 73, 58, 61, 69, 72, 55, 65, 68, 71, 54, 57, 67, 75, 53, 56, 64, 74, 52, 60, 63, 66, 1, 9, 12, 20, 23, 8, 11, 19, 22, 5, 15, 18, 21, 4, 7, 17, 25, 3, 6, 14, 24, 2, 10, 13, 16], [61, 57, 53, 74, 70, 54, 75, 66, 62, 58, 67, 63, 59, 55, 71, 60, 51, 72, 68, 64, 73, 69, 65, 56, 52, 11, 7, 3, 24, 20, 4, 25, 16, 12, 8, 17, 13, 9, 5, 21, 10, 1, 22, 18, 14, 23, 19, 15, 6, 2, 36, 32, 28, 49, 45, 29, 50, 41, 37, 33, 42, 38, 34, 30, 46, 35, 26, 47, 43, 39, 48, 44, 40, 31, 27], [16, 17, 18, 19, 20, 21, 22, 23, 24, 25, 1, 2, 3, 4, 5, 6, 7, 8, 9, 10, 11, 12, 13, 14, 15, 41, 42, 43, 44, 45, 46, 47, 48, 49, 50, 26, 27, 28, 29, 30, 31, 32, 33, 34, 35, 36, 37, 38, 39, 40, 66, 67, 68, 69, 70, 71, 72, 73, 74, 75, 51, 52, 53, 54, 55, 56, 57, 58, 59, 60, 61, 62, 63, 64, 65]];
cc:=[2,3,10];
gen_vectors_as_perm:=[S!perm : perm in gen_vectors];
passport_label:=7;
gen_vect_label:=1;
full_auto:=[150,5];
full_sign:=[0,2,3,10];
Append(~data, rec<RecFormat | group:=G, gp_id:=gp_id, signature:=signature, gen_vectors:=gen_vectors_as_perm, conj_classes:=cc, genus:=genus, dimension:=dim, r:=r, g0:=g0, passport_label:= passport_label,gen_vect_label:=gen_vect_label,full_auto:=full_auto, full_sign:=full_sign>);

// Here we add an action to data.
gen_vectors:=[[26, 34, 37, 45, 48, 33, 36, 44, 47, 30, 40, 43, 46, 29, 32, 42, 50, 28, 31, 39, 49, 27, 35, 38, 41, 51, 59, 62, 70, 73, 58, 61, 69, 72, 55, 65, 68, 71, 54, 57, 67, 75, 53, 56, 64, 74, 52, 60, 63, 66, 1, 9, 12, 20, 23, 8, 11, 19, 22, 5, 15, 18, 21, 4, 7, 17, 25, 3, 6, 14, 24, 2, 10, 13, 16], [56, 52, 73, 69, 65, 74, 70, 61, 57, 53, 62, 58, 54, 75, 66, 55, 71, 67, 63, 59, 68, 64, 60, 51, 72, 6, 2, 23, 19, 15, 24, 20, 11, 7, 3, 12, 8, 4, 25, 16, 5, 21, 17, 13, 9, 18, 14, 10, 1, 22, 31, 27, 48, 44, 40, 49, 45, 36, 32, 28, 37, 33, 29, 50, 41, 30, 46, 42, 38, 34, 43, 39, 35, 26, 47], [21, 22, 23, 24, 25, 1, 2, 3, 4, 5, 6, 7, 8, 9, 10, 11, 12, 13, 14, 15, 16, 17, 18, 19, 20, 46, 47, 48, 49, 50, 26, 27, 28, 29, 30, 31, 32, 33, 34, 35, 36, 37, 38, 39, 40, 41, 42, 43, 44, 45, 71, 72, 73, 74, 75, 51, 52, 53, 54, 55, 56, 57, 58, 59, 60, 61, 62, 63, 64, 65, 66, 67, 68, 69, 70]];
cc:=[2,3,11];
gen_vectors_as_perm:=[S!perm : perm in gen_vectors];
passport_label:=8;
gen_vect_label:=1;
full_auto:=[150,5];
full_sign:=[0,2,3,10];
Append(~data, rec<RecFormat | group:=G, gp_id:=gp_id, signature:=signature, gen_vectors:=gen_vectors_as_perm, conj_classes:=cc, genus:=genus, dimension:=dim, r:=r, g0:=g0, passport_label:= passport_label,gen_vect_label:=gen_vect_label,full_auto:=full_auto, full_sign:=full_sign>);

// label = 6.56-7.0.2-4-14
// Create group as a permutation group and initialize signature information.
gp_id:=[56,7];
H:=SmallGroup(gp_id[1],gp_id[2]); n:=#H; LP:=[]; LG:=[g : g in H]; for i in [1..n] do x:=LG[i]; Tx:=[LG[j]*x : j in [1..n]]; permL:=[]; for j in [1..n] do for k in [1..n] do if Tx[j] eq LG[k] then permL[j]:=k;  break; end if; end for; end for; Append(~LP,permL); end for; G:=PermutationGroup<n|LP>; 
signature:=[0,2,4,14];
genus:=6;
r:=#signature-1;
g0:=signature[1];
dim:=3*g0-3+r;
S:=Sym(gp_id[1]);

// Here we add an action to data.
gen_vectors:=[[29, 35, 34, 33, 32, 31, 30, 36, 42, 41, 40, 39, 38, 37, 50, 56, 55, 54, 53, 52, 51, 43, 49, 48, 47, 46, 45, 44, 1, 7, 6, 5, 4, 3, 2, 8, 14, 13, 12, 11, 10, 9, 22, 28, 27, 26, 25, 24, 23, 15, 21, 20, 19, 18, 17, 16], [49, 48, 47, 46, 45, 44, 43, 56, 55, 54, 53, 52, 51, 50, 42, 41, 40, 39, 38, 37, 36, 35, 34, 33, 32, 31, 30, 29, 21, 20, 19, 18, 17, 16, 15, 28, 27, 26, 25, 24, 23, 22, 14, 13, 12, 11, 10, 9, 8, 7, 6, 5, 4, 3, 2, 1], [16, 17, 18, 19, 20, 21, 15, 23, 24, 25, 26, 27, 28, 22, 2, 3, 4, 5, 6, 7, 1, 9, 10, 11, 12, 13, 14, 8, 44, 45, 46, 47, 48, 49, 43, 51, 52, 53, 54, 55, 56, 50, 30, 31, 32, 33, 34, 35, 29, 37, 38, 39, 40, 41, 42, 36]];
cc:=[4,5,12];
gen_vectors_as_perm:=[S!perm : perm in gen_vectors];
passport_label:=1;
gen_vect_label:=1;
is_hyperelliptic:=true;
hyp_involution:=S![8, 9, 10, 11, 12, 13, 14, 1, 2, 3, 4, 5, 6, 7, 22, 23, 24, 25, 26, 27, 28, 15, 16, 17, 18, 19, 20, 21, 36, 37, 38, 39, 40, 41, 42, 29, 30, 31, 32, 33, 34, 35, 50, 51, 52, 53, 54, 55, 56, 43, 44, 45, 46, 47, 48, 49];
is_cyclic_trigonal:=false;
Append(~data, rec<RecFormat | group:=G, gp_id:=gp_id, signature:=signature, gen_vectors:=gen_vectors_as_perm, conj_classes:=cc, genus:=genus, dimension:=dim, r:=r, g0:=g0, passport_label:= passport_label,gen_vect_label:=gen_vect_label, is_hyperelliptic:=is_hyperelliptic, hyp_involution:=hyp_involution,is_cyclic_trigonal:=is_cyclic_trigonal >);

// Here we add an action to data.
gen_vectors:=[[29, 35, 34, 33, 32, 31, 30, 36, 42, 41, 40, 39, 38, 37, 50, 56, 55, 54, 53, 52, 51, 43, 49, 48, 47, 46, 45, 44, 1, 7, 6, 5, 4, 3, 2, 8, 14, 13, 12, 11, 10, 9, 22, 28, 27, 26, 25, 24, 23, 15, 21, 20, 19, 18, 17, 16], [47, 46, 45, 44, 43, 49, 48, 54, 53, 52, 51, 50, 56, 55, 40, 39, 38, 37, 36, 42, 41, 33, 32, 31, 30, 29, 35, 34, 19, 18, 17, 16, 15, 21, 20, 26, 25, 24, 23, 22, 28, 27, 12, 11, 10, 9, 8, 14, 13, 5, 4, 3, 2, 1, 7, 6], [18, 19, 20, 21, 15, 16, 17, 25, 26, 27, 28, 22, 23, 24, 4, 5, 6, 7, 1, 2, 3, 11, 12, 13, 14, 8, 9, 10, 46, 47, 48, 49, 43, 44, 45, 53, 54, 55, 56, 50, 51, 52, 32, 33, 34, 35, 29, 30, 31, 39, 40, 41, 42, 36, 37, 38]];
cc:=[4,5,13];
gen_vectors_as_perm:=[S!perm : perm in gen_vectors];
passport_label:=2;
gen_vect_label:=1;
is_hyperelliptic:=true;
hyp_involution:=S![8, 9, 10, 11, 12, 13, 14, 1, 2, 3, 4, 5, 6, 7, 22, 23, 24, 25, 26, 27, 28, 15, 16, 17, 18, 19, 20, 21, 36, 37, 38, 39, 40, 41, 42, 29, 30, 31, 32, 33, 34, 35, 50, 51, 52, 53, 54, 55, 56, 43, 44, 45, 46, 47, 48, 49];
is_cyclic_trigonal:=false;
Append(~data, rec<RecFormat | group:=G, gp_id:=gp_id, signature:=signature, gen_vectors:=gen_vectors_as_perm, conj_classes:=cc, genus:=genus, dimension:=dim, r:=r, g0:=g0, passport_label:= passport_label,gen_vect_label:=gen_vect_label, is_hyperelliptic:=is_hyperelliptic, hyp_involution:=hyp_involution,is_cyclic_trigonal:=is_cyclic_trigonal >);

// Here we add an action to data.
gen_vectors:=[[29, 35, 34, 33, 32, 31, 30, 36, 42, 41, 40, 39, 38, 37, 50, 56, 55, 54, 53, 52, 51, 43, 49, 48, 47, 46, 45, 44, 1, 7, 6, 5, 4, 3, 2, 8, 14, 13, 12, 11, 10, 9, 22, 28, 27, 26, 25, 24, 23, 15, 21, 20, 19, 18, 17, 16], [45, 44, 43, 49, 48, 47, 46, 52, 51, 50, 56, 55, 54, 53, 38, 37, 36, 42, 41, 40, 39, 31, 30, 29, 35, 34, 33, 32, 17, 16, 15, 21, 20, 19, 18, 24, 23, 22, 28, 27, 26, 25, 10, 9, 8, 14, 13, 12, 11, 3, 2, 1, 7, 6, 5, 4], [20, 21, 15, 16, 17, 18, 19, 27, 28, 22, 23, 24, 25, 26, 6, 7, 1, 2, 3, 4, 5, 13, 14, 8, 9, 10, 11, 12, 48, 49, 43, 44, 45, 46, 47, 55, 56, 50, 51, 52, 53, 54, 34, 35, 29, 30, 31, 32, 33, 41, 42, 36, 37, 38, 39, 40]];
cc:=[4,5,14];
gen_vectors_as_perm:=[S!perm : perm in gen_vectors];
passport_label:=3;
gen_vect_label:=1;
is_hyperelliptic:=true;
hyp_involution:=S![8, 9, 10, 11, 12, 13, 14, 1, 2, 3, 4, 5, 6, 7, 22, 23, 24, 25, 26, 27, 28, 15, 16, 17, 18, 19, 20, 21, 36, 37, 38, 39, 40, 41, 42, 29, 30, 31, 32, 33, 34, 35, 50, 51, 52, 53, 54, 55, 56, 43, 44, 45, 46, 47, 48, 49];
is_cyclic_trigonal:=false;
Append(~data, rec<RecFormat | group:=G, gp_id:=gp_id, signature:=signature, gen_vectors:=gen_vectors_as_perm, conj_classes:=cc, genus:=genus, dimension:=dim, r:=r, g0:=g0, passport_label:= passport_label,gen_vect_label:=gen_vect_label, is_hyperelliptic:=is_hyperelliptic, hyp_involution:=hyp_involution,is_cyclic_trigonal:=is_cyclic_trigonal >);

// Here we add an action to data.
gen_vectors:=[[29, 35, 34, 33, 32, 31, 30, 36, 42, 41, 40, 39, 38, 37, 50, 56, 55, 54, 53, 52, 51, 43, 49, 48, 47, 46, 45, 44, 1, 7, 6, 5, 4, 3, 2, 8, 14, 13, 12, 11, 10, 9, 22, 28, 27, 26, 25, 24, 23, 15, 21, 20, 19, 18, 17, 16], [48, 47, 46, 45, 44, 43, 49, 55, 54, 53, 52, 51, 50, 56, 41, 40, 39, 38, 37, 36, 42, 34, 33, 32, 31, 30, 29, 35, 20, 19, 18, 17, 16, 15, 21, 27, 26, 25, 24, 23, 22, 28, 13, 12, 11, 10, 9, 8, 14, 6, 5, 4, 3, 2, 1, 7], [17, 18, 19, 20, 21, 15, 16, 24, 25, 26, 27, 28, 22, 23, 3, 4, 5, 6, 7, 1, 2, 10, 11, 12, 13, 14, 8, 9, 45, 46, 47, 48, 49, 43, 44, 52, 53, 54, 55, 56, 50, 51, 31, 32, 33, 34, 35, 29, 30, 38, 39, 40, 41, 42, 36, 37]];
cc:=[4,5,15];
gen_vectors_as_perm:=[S!perm : perm in gen_vectors];
passport_label:=4;
gen_vect_label:=1;
is_hyperelliptic:=true;
hyp_involution:=S![8, 9, 10, 11, 12, 13, 14, 1, 2, 3, 4, 5, 6, 7, 22, 23, 24, 25, 26, 27, 28, 15, 16, 17, 18, 19, 20, 21, 36, 37, 38, 39, 40, 41, 42, 29, 30, 31, 32, 33, 34, 35, 50, 51, 52, 53, 54, 55, 56, 43, 44, 45, 46, 47, 48, 49];
is_cyclic_trigonal:=false;
Append(~data, rec<RecFormat | group:=G, gp_id:=gp_id, signature:=signature, gen_vectors:=gen_vectors_as_perm, conj_classes:=cc, genus:=genus, dimension:=dim, r:=r, g0:=g0, passport_label:= passport_label,gen_vect_label:=gen_vect_label, is_hyperelliptic:=is_hyperelliptic, hyp_involution:=hyp_involution,is_cyclic_trigonal:=is_cyclic_trigonal >);

// Here we add an action to data.
gen_vectors:=[[29, 35, 34, 33, 32, 31, 30, 36, 42, 41, 40, 39, 38, 37, 50, 56, 55, 54, 53, 52, 51, 43, 49, 48, 47, 46, 45, 44, 1, 7, 6, 5, 4, 3, 2, 8, 14, 13, 12, 11, 10, 9, 22, 28, 27, 26, 25, 24, 23, 15, 21, 20, 19, 18, 17, 16], [46, 45, 44, 43, 49, 48, 47, 53, 52, 51, 50, 56, 55, 54, 39, 38, 37, 36, 42, 41, 40, 32, 31, 30, 29, 35, 34, 33, 18, 17, 16, 15, 21, 20, 19, 25, 24, 23, 22, 28, 27, 26, 11, 10, 9, 8, 14, 13, 12, 4, 3, 2, 1, 7, 6, 5], [19, 20, 21, 15, 16, 17, 18, 26, 27, 28, 22, 23, 24, 25, 5, 6, 7, 1, 2, 3, 4, 12, 13, 14, 8, 9, 10, 11, 47, 48, 49, 43, 44, 45, 46, 54, 55, 56, 50, 51, 52, 53, 33, 34, 35, 29, 30, 31, 32, 40, 41, 42, 36, 37, 38, 39]];
cc:=[4,5,16];
gen_vectors_as_perm:=[S!perm : perm in gen_vectors];
passport_label:=5;
gen_vect_label:=1;
is_hyperelliptic:=true;
hyp_involution:=S![8, 9, 10, 11, 12, 13, 14, 1, 2, 3, 4, 5, 6, 7, 22, 23, 24, 25, 26, 27, 28, 15, 16, 17, 18, 19, 20, 21, 36, 37, 38, 39, 40, 41, 42, 29, 30, 31, 32, 33, 34, 35, 50, 51, 52, 53, 54, 55, 56, 43, 44, 45, 46, 47, 48, 49];
is_cyclic_trigonal:=false;
Append(~data, rec<RecFormat | group:=G, gp_id:=gp_id, signature:=signature, gen_vectors:=gen_vectors_as_perm, conj_classes:=cc, genus:=genus, dimension:=dim, r:=r, g0:=g0, passport_label:= passport_label,gen_vect_label:=gen_vect_label, is_hyperelliptic:=is_hyperelliptic, hyp_involution:=hyp_involution,is_cyclic_trigonal:=is_cyclic_trigonal >);

// Here we add an action to data.
gen_vectors:=[[29, 35, 34, 33, 32, 31, 30, 36, 42, 41, 40, 39, 38, 37, 50, 56, 55, 54, 53, 52, 51, 43, 49, 48, 47, 46, 45, 44, 1, 7, 6, 5, 4, 3, 2, 8, 14, 13, 12, 11, 10, 9, 22, 28, 27, 26, 25, 24, 23, 15, 21, 20, 19, 18, 17, 16], [44, 43, 49, 48, 47, 46, 45, 51, 50, 56, 55, 54, 53, 52, 37, 36, 42, 41, 40, 39, 38, 30, 29, 35, 34, 33, 32, 31, 16, 15, 21, 20, 19, 18, 17, 23, 22, 28, 27, 26, 25, 24, 9, 8, 14, 13, 12, 11, 10, 2, 1, 7, 6, 5, 4, 3], [21, 15, 16, 17, 18, 19, 20, 28, 22, 23, 24, 25, 26, 27, 7, 1, 2, 3, 4, 5, 6, 14, 8, 9, 10, 11, 12, 13, 49, 43, 44, 45, 46, 47, 48, 56, 50, 51, 52, 53, 54, 55, 35, 29, 30, 31, 32, 33, 34, 42, 36, 37, 38, 39, 40, 41]];
cc:=[4,5,17];
gen_vectors_as_perm:=[S!perm : perm in gen_vectors];
passport_label:=6;
gen_vect_label:=1;
is_hyperelliptic:=true;
hyp_involution:=S![8, 9, 10, 11, 12, 13, 14, 1, 2, 3, 4, 5, 6, 7, 22, 23, 24, 25, 26, 27, 28, 15, 16, 17, 18, 19, 20, 21, 36, 37, 38, 39, 40, 41, 42, 29, 30, 31, 32, 33, 34, 35, 50, 51, 52, 53, 54, 55, 56, 43, 44, 45, 46, 47, 48, 49];
is_cyclic_trigonal:=false;
Append(~data, rec<RecFormat | group:=G, gp_id:=gp_id, signature:=signature, gen_vectors:=gen_vectors_as_perm, conj_classes:=cc, genus:=genus, dimension:=dim, r:=r, g0:=g0, passport_label:= passport_label,gen_vect_label:=gen_vect_label, is_hyperelliptic:=is_hyperelliptic, hyp_involution:=hyp_involution,is_cyclic_trigonal:=is_cyclic_trigonal >);

// label = 6.25-2.0.5-5-5
// Create group as a permutation group and initialize signature information.
gp_id:=[25,2];
H:=SmallGroup(gp_id[1],gp_id[2]); n:=#H; LP:=[]; LG:=[g : g in H]; for i in [1..n] do x:=LG[i]; Tx:=[LG[j]*x : j in [1..n]]; permL:=[]; for j in [1..n] do for k in [1..n] do if Tx[j] eq LG[k] then permL[j]:=k;  break; end if; end for; end for; Append(~LP,permL); end for; G:=PermutationGroup<n|LP>; 
signature:=[0,5,5,5];
genus:=6;
r:=#signature-1;
g0:=signature[1];
dim:=3*g0-3+r;
S:=Sym(gp_id[1]);

// Here we add an action to data.
gen_vectors:=[[2, 3, 4, 5, 1, 7, 8, 9, 10, 6, 12, 13, 14, 15, 11, 17, 18, 19, 20, 16, 22, 23, 24, 25, 21], [6, 7, 8, 9, 10, 11, 12, 13, 14, 15, 16, 17, 18, 19, 20, 21, 22, 23, 24, 25, 1, 2, 3, 4, 5], [25, 21, 22, 23, 24, 5, 1, 2, 3, 4, 10, 6, 7, 8, 9, 15, 11, 12, 13, 14, 20, 16, 17, 18, 19]];
cc:=[2,6,13];
gen_vectors_as_perm:=[S!perm : perm in gen_vectors];
passport_label:=1;
gen_vect_label:=1;
full_auto:=[150,5];
full_sign:=[0,2,3,10];
Append(~data, rec<RecFormat | group:=G, gp_id:=gp_id, signature:=signature, gen_vectors:=gen_vectors_as_perm, conj_classes:=cc, genus:=genus, dimension:=dim, r:=r, g0:=g0, passport_label:= passport_label,gen_vect_label:=gen_vect_label,full_auto:=full_auto, full_sign:=full_sign>);

// Here we add an action to data.
gen_vectors:=[[2, 3, 4, 5, 1, 7, 8, 9, 10, 6, 12, 13, 14, 15, 11, 17, 18, 19, 20, 16, 22, 23, 24, 25, 21], [11, 12, 13, 14, 15, 16, 17, 18, 19, 20, 21, 22, 23, 24, 25, 1, 2, 3, 4, 5, 6, 7, 8, 9, 10], [20, 16, 17, 18, 19, 25, 21, 22, 23, 24, 5, 1, 2, 3, 4, 10, 6, 7, 8, 9, 15, 11, 12, 13, 14]];
cc:=[2,7,20];
gen_vectors_as_perm:=[S!perm : perm in gen_vectors];
passport_label:=2;
gen_vect_label:=1;
full_auto:=[150,5];
full_sign:=[0,2,3,10];
Append(~data, rec<RecFormat | group:=G, gp_id:=gp_id, signature:=signature, gen_vectors:=gen_vectors_as_perm, conj_classes:=cc, genus:=genus, dimension:=dim, r:=r, g0:=g0, passport_label:= passport_label,gen_vect_label:=gen_vect_label,full_auto:=full_auto, full_sign:=full_sign>);

// Here we add an action to data.
gen_vectors:=[[2, 3, 4, 5, 1, 7, 8, 9, 10, 6, 12, 13, 14, 15, 11, 17, 18, 19, 20, 16, 22, 23, 24, 25, 21], [16, 17, 18, 19, 20, 21, 22, 23, 24, 25, 1, 2, 3, 4, 5, 6, 7, 8, 9, 10, 11, 12, 13, 14, 15], [15, 11, 12, 13, 14, 20, 16, 17, 18, 19, 25, 21, 22, 23, 24, 5, 1, 2, 3, 4, 10, 6, 7, 8, 9]];
cc:=[2,8,15];
gen_vectors_as_perm:=[S!perm : perm in gen_vectors];
passport_label:=3;
gen_vect_label:=1;
full_auto:=[150,5];
full_sign:=[0,2,3,10];
Append(~data, rec<RecFormat | group:=G, gp_id:=gp_id, signature:=signature, gen_vectors:=gen_vectors_as_perm, conj_classes:=cc, genus:=genus, dimension:=dim, r:=r, g0:=g0, passport_label:= passport_label,gen_vect_label:=gen_vect_label,full_auto:=full_auto, full_sign:=full_sign>);

// Here we add an action to data.
gen_vectors:=[[2, 3, 4, 5, 1, 7, 8, 9, 10, 6, 12, 13, 14, 15, 11, 17, 18, 19, 20, 16, 22, 23, 24, 25, 21], [21, 22, 23, 24, 25, 1, 2, 3, 4, 5, 6, 7, 8, 9, 10, 11, 12, 13, 14, 15, 16, 17, 18, 19, 20], [10, 6, 7, 8, 9, 15, 11, 12, 13, 14, 20, 16, 17, 18, 19, 25, 21, 22, 23, 24, 5, 1, 2, 3, 4]];
cc:=[2,9,22];
gen_vectors_as_perm:=[S!perm : perm in gen_vectors];
passport_label:=4;
gen_vect_label:=1;
full_auto:=[150,5];
full_sign:=[0,2,3,10];
Append(~data, rec<RecFormat | group:=G, gp_id:=gp_id, signature:=signature, gen_vectors:=gen_vectors_as_perm, conj_classes:=cc, genus:=genus, dimension:=dim, r:=r, g0:=g0, passport_label:= passport_label,gen_vect_label:=gen_vect_label,full_auto:=full_auto, full_sign:=full_sign>);

// Here we add an action to data.
gen_vectors:=[[2, 3, 4, 5, 1, 7, 8, 9, 10, 6, 12, 13, 14, 15, 11, 17, 18, 19, 20, 16, 22, 23, 24, 25, 21], [7, 8, 9, 10, 6, 12, 13, 14, 15, 11, 17, 18, 19, 20, 16, 22, 23, 24, 25, 21, 2, 3, 4, 5, 1], [24, 25, 21, 22, 23, 4, 5, 1, 2, 3, 9, 10, 6, 7, 8, 14, 15, 11, 12, 13, 19, 20, 16, 17, 18]];
cc:=[2,10,17];
gen_vectors_as_perm:=[S!perm : perm in gen_vectors];
passport_label:=5;
gen_vect_label:=1;
full_auto:=[150,5];
full_sign:=[0,2,3,10];
Append(~data, rec<RecFormat | group:=G, gp_id:=gp_id, signature:=signature, gen_vectors:=gen_vectors_as_perm, conj_classes:=cc, genus:=genus, dimension:=dim, r:=r, g0:=g0, passport_label:= passport_label,gen_vect_label:=gen_vect_label,full_auto:=full_auto, full_sign:=full_sign>);

// Here we add an action to data.
gen_vectors:=[[2, 3, 4, 5, 1, 7, 8, 9, 10, 6, 12, 13, 14, 15, 11, 17, 18, 19, 20, 16, 22, 23, 24, 25, 21], [13, 14, 15, 11, 12, 18, 19, 20, 16, 17, 23, 24, 25, 21, 22, 3, 4, 5, 1, 2, 8, 9, 10, 6, 7], [18, 19, 20, 16, 17, 23, 24, 25, 21, 22, 3, 4, 5, 1, 2, 8, 9, 10, 6, 7, 13, 14, 15, 11, 12]];
cc:=[2,11,24];
gen_vectors_as_perm:=[S!perm : perm in gen_vectors];
passport_label:=6;
gen_vect_label:=1;
full_auto:=[150,5];
full_sign:=[0,2,3,10];
Append(~data, rec<RecFormat | group:=G, gp_id:=gp_id, signature:=signature, gen_vectors:=gen_vectors_as_perm, conj_classes:=cc, genus:=genus, dimension:=dim, r:=r, g0:=g0, passport_label:= passport_label,gen_vect_label:=gen_vect_label,full_auto:=full_auto, full_sign:=full_sign>);

// Here we add an action to data.
gen_vectors:=[[2, 3, 4, 5, 1, 7, 8, 9, 10, 6, 12, 13, 14, 15, 11, 17, 18, 19, 20, 16, 22, 23, 24, 25, 21], [19, 20, 16, 17, 18, 24, 25, 21, 22, 23, 4, 5, 1, 2, 3, 9, 10, 6, 7, 8, 14, 15, 11, 12, 13], [12, 13, 14, 15, 11, 17, 18, 19, 20, 16, 22, 23, 24, 25, 21, 2, 3, 4, 5, 1, 7, 8, 9, 10, 6]];
cc:=[2,12,19];
gen_vectors_as_perm:=[S!perm : perm in gen_vectors];
passport_label:=7;
gen_vect_label:=1;
full_auto:=[150,5];
full_sign:=[0,2,3,10];
Append(~data, rec<RecFormat | group:=G, gp_id:=gp_id, signature:=signature, gen_vectors:=gen_vectors_as_perm, conj_classes:=cc, genus:=genus, dimension:=dim, r:=r, g0:=g0, passport_label:= passport_label,gen_vect_label:=gen_vect_label,full_auto:=full_auto, full_sign:=full_sign>);

// Here we add an action to data.
gen_vectors:=[[2, 3, 4, 5, 1, 7, 8, 9, 10, 6, 12, 13, 14, 15, 11, 17, 18, 19, 20, 16, 22, 23, 24, 25, 21], [8, 9, 10, 6, 7, 13, 14, 15, 11, 12, 18, 19, 20, 16, 17, 23, 24, 25, 21, 22, 3, 4, 5, 1, 2], [23, 24, 25, 21, 22, 3, 4, 5, 1, 2, 8, 9, 10, 6, 7, 13, 14, 15, 11, 12, 18, 19, 20, 16, 17]];
cc:=[2,14,21];
gen_vectors_as_perm:=[S!perm : perm in gen_vectors];
passport_label:=8;
gen_vect_label:=1;
full_auto:=[150,5];
full_sign:=[0,2,3,10];
Append(~data, rec<RecFormat | group:=G, gp_id:=gp_id, signature:=signature, gen_vectors:=gen_vectors_as_perm, conj_classes:=cc, genus:=genus, dimension:=dim, r:=r, g0:=g0, passport_label:= passport_label,gen_vect_label:=gen_vect_label,full_auto:=full_auto, full_sign:=full_sign>);

// Here we add an action to data.
gen_vectors:=[[2, 3, 4, 5, 1, 7, 8, 9, 10, 6, 12, 13, 14, 15, 11, 17, 18, 19, 20, 16, 22, 23, 24, 25, 21], [17, 18, 19, 20, 16, 22, 23, 24, 25, 21, 2, 3, 4, 5, 1, 7, 8, 9, 10, 6, 12, 13, 14, 15, 11], [14, 15, 11, 12, 13, 19, 20, 16, 17, 18, 24, 25, 21, 22, 23, 4, 5, 1, 2, 3, 9, 10, 6, 7, 8]];
cc:=[2,16,23];
gen_vectors_as_perm:=[S!perm : perm in gen_vectors];
passport_label:=9;
gen_vect_label:=1;
full_auto:=[150,5];
full_sign:=[0,2,3,10];
Append(~data, rec<RecFormat | group:=G, gp_id:=gp_id, signature:=signature, gen_vectors:=gen_vectors_as_perm, conj_classes:=cc, genus:=genus, dimension:=dim, r:=r, g0:=g0, passport_label:= passport_label,gen_vect_label:=gen_vect_label,full_auto:=full_auto, full_sign:=full_sign>);

// Here we add an action to data.
gen_vectors:=[[2, 3, 4, 5, 1, 7, 8, 9, 10, 6, 12, 13, 14, 15, 11, 17, 18, 19, 20, 16, 22, 23, 24, 25, 21], [9, 10, 6, 7, 8, 14, 15, 11, 12, 13, 19, 20, 16, 17, 18, 24, 25, 21, 22, 23, 4, 5, 1, 2, 3], [22, 23, 24, 25, 21, 2, 3, 4, 5, 1, 7, 8, 9, 10, 6, 12, 13, 14, 15, 11, 17, 18, 19, 20, 16]];
cc:=[2,18,25];
gen_vectors_as_perm:=[S!perm : perm in gen_vectors];
passport_label:=10;
gen_vect_label:=1;
full_auto:=[150,5];
full_sign:=[0,2,3,10];
Append(~data, rec<RecFormat | group:=G, gp_id:=gp_id, signature:=signature, gen_vectors:=gen_vectors_as_perm, conj_classes:=cc, genus:=genus, dimension:=dim, r:=r, g0:=g0, passport_label:= passport_label,gen_vect_label:=gen_vect_label,full_auto:=full_auto, full_sign:=full_sign>);

// Here we add an action to data.
gen_vectors:=[[3, 4, 5, 1, 2, 8, 9, 10, 6, 7, 13, 14, 15, 11, 12, 18, 19, 20, 16, 17, 23, 24, 25, 21, 22], [6, 7, 8, 9, 10, 11, 12, 13, 14, 15, 16, 17, 18, 19, 20, 21, 22, 23, 24, 25, 1, 2, 3, 4, 5], [24, 25, 21, 22, 23, 4, 5, 1, 2, 3, 9, 10, 6, 7, 8, 14, 15, 11, 12, 13, 19, 20, 16, 17, 18]];
cc:=[3,6,17];
gen_vectors_as_perm:=[S!perm : perm in gen_vectors];
passport_label:=11;
gen_vect_label:=1;
full_auto:=[150,5];
full_sign:=[0,2,3,10];
Append(~data, rec<RecFormat | group:=G, gp_id:=gp_id, signature:=signature, gen_vectors:=gen_vectors_as_perm, conj_classes:=cc, genus:=genus, dimension:=dim, r:=r, g0:=g0, passport_label:= passport_label,gen_vect_label:=gen_vect_label,full_auto:=full_auto, full_sign:=full_sign>);

// Here we add an action to data.
gen_vectors:=[[3, 4, 5, 1, 2, 8, 9, 10, 6, 7, 13, 14, 15, 11, 12, 18, 19, 20, 16, 17, 23, 24, 25, 21, 22], [11, 12, 13, 14, 15, 16, 17, 18, 19, 20, 21, 22, 23, 24, 25, 1, 2, 3, 4, 5, 6, 7, 8, 9, 10], [19, 20, 16, 17, 18, 24, 25, 21, 22, 23, 4, 5, 1, 2, 3, 9, 10, 6, 7, 8, 14, 15, 11, 12, 13]];
cc:=[3,7,12];
gen_vectors_as_perm:=[S!perm : perm in gen_vectors];
passport_label:=12;
gen_vect_label:=1;
full_auto:=[150,5];
full_sign:=[0,2,3,10];
Append(~data, rec<RecFormat | group:=G, gp_id:=gp_id, signature:=signature, gen_vectors:=gen_vectors_as_perm, conj_classes:=cc, genus:=genus, dimension:=dim, r:=r, g0:=g0, passport_label:= passport_label,gen_vect_label:=gen_vect_label,full_auto:=full_auto, full_sign:=full_sign>);

// Here we add an action to data.
gen_vectors:=[[3, 4, 5, 1, 2, 8, 9, 10, 6, 7, 13, 14, 15, 11, 12, 18, 19, 20, 16, 17, 23, 24, 25, 21, 22], [16, 17, 18, 19, 20, 21, 22, 23, 24, 25, 1, 2, 3, 4, 5, 6, 7, 8, 9, 10, 11, 12, 13, 14, 15], [14, 15, 11, 12, 13, 19, 20, 16, 17, 18, 24, 25, 21, 22, 23, 4, 5, 1, 2, 3, 9, 10, 6, 7, 8]];
cc:=[3,8,23];
gen_vectors_as_perm:=[S!perm : perm in gen_vectors];
passport_label:=13;
gen_vect_label:=1;
full_auto:=[150,5];
full_sign:=[0,2,3,10];
Append(~data, rec<RecFormat | group:=G, gp_id:=gp_id, signature:=signature, gen_vectors:=gen_vectors_as_perm, conj_classes:=cc, genus:=genus, dimension:=dim, r:=r, g0:=g0, passport_label:= passport_label,gen_vect_label:=gen_vect_label,full_auto:=full_auto, full_sign:=full_sign>);

// Here we add an action to data.
gen_vectors:=[[3, 4, 5, 1, 2, 8, 9, 10, 6, 7, 13, 14, 15, 11, 12, 18, 19, 20, 16, 17, 23, 24, 25, 21, 22], [21, 22, 23, 24, 25, 1, 2, 3, 4, 5, 6, 7, 8, 9, 10, 11, 12, 13, 14, 15, 16, 17, 18, 19, 20], [9, 10, 6, 7, 8, 14, 15, 11, 12, 13, 19, 20, 16, 17, 18, 24, 25, 21, 22, 23, 4, 5, 1, 2, 3]];
cc:=[3,9,18];
gen_vectors_as_perm:=[S!perm : perm in gen_vectors];
passport_label:=14;
gen_vect_label:=1;
full_auto:=[150,5];
full_sign:=[0,2,3,10];
Append(~data, rec<RecFormat | group:=G, gp_id:=gp_id, signature:=signature, gen_vectors:=gen_vectors_as_perm, conj_classes:=cc, genus:=genus, dimension:=dim, r:=r, g0:=g0, passport_label:= passport_label,gen_vect_label:=gen_vect_label,full_auto:=full_auto, full_sign:=full_sign>);

// Here we add an action to data.
gen_vectors:=[[3, 4, 5, 1, 2, 8, 9, 10, 6, 7, 13, 14, 15, 11, 12, 18, 19, 20, 16, 17, 23, 24, 25, 21, 22], [7, 8, 9, 10, 6, 12, 13, 14, 15, 11, 17, 18, 19, 20, 16, 22, 23, 24, 25, 21, 2, 3, 4, 5, 1], [23, 24, 25, 21, 22, 3, 4, 5, 1, 2, 8, 9, 10, 6, 7, 13, 14, 15, 11, 12, 18, 19, 20, 16, 17]];
cc:=[3,10,21];
gen_vectors_as_perm:=[S!perm : perm in gen_vectors];
passport_label:=15;
gen_vect_label:=1;
full_auto:=[150,5];
full_sign:=[0,2,3,10];
Append(~data, rec<RecFormat | group:=G, gp_id:=gp_id, signature:=signature, gen_vectors:=gen_vectors_as_perm, conj_classes:=cc, genus:=genus, dimension:=dim, r:=r, g0:=g0, passport_label:= passport_label,gen_vect_label:=gen_vect_label,full_auto:=full_auto, full_sign:=full_sign>);

// Here we add an action to data.
gen_vectors:=[[3, 4, 5, 1, 2, 8, 9, 10, 6, 7, 13, 14, 15, 11, 12, 18, 19, 20, 16, 17, 23, 24, 25, 21, 22], [13, 14, 15, 11, 12, 18, 19, 20, 16, 17, 23, 24, 25, 21, 22, 3, 4, 5, 1, 2, 8, 9, 10, 6, 7], [17, 18, 19, 20, 16, 22, 23, 24, 25, 21, 2, 3, 4, 5, 1, 7, 8, 9, 10, 6, 12, 13, 14, 15, 11]];
cc:=[3,11,16];
gen_vectors_as_perm:=[S!perm : perm in gen_vectors];
passport_label:=16;
gen_vect_label:=1;
full_auto:=[150,5];
full_sign:=[0,2,3,10];
Append(~data, rec<RecFormat | group:=G, gp_id:=gp_id, signature:=signature, gen_vectors:=gen_vectors_as_perm, conj_classes:=cc, genus:=genus, dimension:=dim, r:=r, g0:=g0, passport_label:= passport_label,gen_vect_label:=gen_vect_label,full_auto:=full_auto, full_sign:=full_sign>);

// Here we add an action to data.
gen_vectors:=[[3, 4, 5, 1, 2, 8, 9, 10, 6, 7, 13, 14, 15, 11, 12, 18, 19, 20, 16, 17, 23, 24, 25, 21, 22], [25, 21, 22, 23, 24, 5, 1, 2, 3, 4, 10, 6, 7, 8, 9, 15, 11, 12, 13, 14, 20, 16, 17, 18, 19], [10, 6, 7, 8, 9, 15, 11, 12, 13, 14, 20, 16, 17, 18, 19, 25, 21, 22, 23, 24, 5, 1, 2, 3, 4]];
cc:=[3,13,22];
gen_vectors_as_perm:=[S!perm : perm in gen_vectors];
passport_label:=17;
gen_vect_label:=1;
