// Magma CODE FOR SEARCH RESULTS

// The results are stored in a list of records called 'data'

RecFormat:=recformat<group,gp_id, signature,gen_vectors,conj_classes,genus,dimension,r,g0, passport_label,gen_vect_label, is_hyperelliptic, hyp_involution, is_cyclic_trigonal,cyc_auto,full_auto, full_sign,topological_class,braid_class>;

data:=[];

// label = 7.48-32.0.3-4-6
// Create group as a permutation group and initialize signature information.
gp_id:=[48,32];
H:=SmallGroup(gp_id[1],gp_id[2]); n:=#H; LP:=[]; LG:=[g : g in H]; for i in [1..n] do x:=LG[i]; Tx:=[LG[j]*x : j in [1..n]]; permL:=[]; for j in [1..n] do for k in [1..n] do if Tx[j] eq LG[k] then permL[j]:=k;  break; end if; end for; end for; Append(~LP,permL); end for; G:=PermutationGroup<n|LP>; 
signature:=[0,3,4,6];
genus:=7;
r:=#signature-1;
g0:=signature[1];
dim:=3*g0-3+r;
S:=Sym(gp_id[1]);

// Here we add an action to data.
gen_vectors:=[[9, 10, 15, 16, 11, 12, 13, 14, 17, 18, 23, 24, 19, 20, 21, 22, 1, 2, 7, 8, 3, 4, 5, 6, 33, 34, 39, 40, 35, 36, 37, 38, 41, 42, 47, 48, 43, 44, 45, 46, 25, 26, 31, 32, 27, 28, 29, 30], [27, 28, 26, 25, 31, 32, 30, 29, 35, 36, 34, 33, 39, 40, 38, 37, 43, 44, 42, 41, 47, 48, 46, 45, 3, 4, 2, 1, 7, 8, 6, 5, 11, 12, 10, 9, 15, 16, 14, 13, 19, 20, 18, 17, 23, 24, 22, 21], [46, 45, 41, 42, 44, 43, 47, 48, 30, 29, 25, 26, 28, 27, 31, 32, 38, 37, 33, 34, 36, 35, 39, 40, 22, 21, 17, 18, 20, 19, 23, 24, 6, 5, 1, 2, 4, 3, 7, 8, 14, 13, 9, 10, 12, 11, 15, 16]];
cc:=[5,8,12];
gen_vectors_as_perm:=[S!perm : perm in gen_vectors];
passport_label:=1;
gen_vect_label:=1;
is_hyperelliptic:=false;
is_cyclic_trigonal:=false;
Append(~data, rec<RecFormat | group:=G, gp_id:=gp_id, signature:=signature, gen_vectors:=gen_vectors_as_perm, conj_classes:=cc, genus:=genus, dimension:=dim, r:=r, g0:=g0, passport_label:= passport_label,gen_vect_label:=gen_vect_label, is_hyperelliptic:=is_hyperelliptic,is_cyclic_trigonal:=is_cyclic_trigonal >);

// Here we add an action to data.
gen_vectors:=[[9, 10, 15, 16, 11, 12, 13, 14, 17, 18, 23, 24, 19, 20, 21, 22, 1, 2, 7, 8, 3, 4, 5, 6, 33, 34, 39, 40, 35, 36, 37, 38, 41, 42, 47, 48, 43, 44, 45, 46, 25, 26, 31, 32, 27, 28, 29, 30], [28, 27, 25, 26, 32, 31, 29, 30, 36, 35, 33, 34, 40, 39, 37, 38, 44, 43, 41, 42, 48, 47, 45, 46, 4, 3, 1, 2, 8, 7, 5, 6, 12, 11, 9, 10, 16, 15, 13, 14, 20, 19, 17, 18, 24, 23, 21, 22], [45, 46, 42, 41, 43, 44, 48, 47, 29, 30, 26, 25, 27, 28, 32, 31, 37, 38, 34, 33, 35, 36, 40, 39, 21, 22, 18, 17, 19, 20, 24, 23, 5, 6, 2, 1, 3, 4, 8, 7, 13, 14, 10, 9, 11, 12, 16, 15]];
cc:=[5,8,14];
gen_vectors_as_perm:=[S!perm : perm in gen_vectors];
passport_label:=2;
gen_vect_label:=1;
is_hyperelliptic:=false;
is_cyclic_trigonal:=false;
Append(~data, rec<RecFormat | group:=G, gp_id:=gp_id, signature:=signature, gen_vectors:=gen_vectors_as_perm, conj_classes:=cc, genus:=genus, dimension:=dim, r:=r, g0:=g0, passport_label:= passport_label,gen_vect_label:=gen_vect_label, is_hyperelliptic:=is_hyperelliptic,is_cyclic_trigonal:=is_cyclic_trigonal >);

// Here we add an action to data.
gen_vectors:=[[17, 18, 21, 22, 23, 24, 19, 20, 1, 2, 5, 6, 7, 8, 3, 4, 9, 10, 13, 14, 15, 16, 11, 12, 41, 42, 45, 46, 47, 48, 43, 44, 25, 26, 29, 30, 31, 32, 27, 28, 33, 34, 37, 38, 39, 40, 35, 36], [28, 27, 25, 26, 32, 31, 29, 30, 36, 35, 33, 34, 40, 39, 37, 38, 44, 43, 41, 42, 48, 47, 45, 46, 4, 3, 1, 2, 8, 7, 5, 6, 12, 11, 9, 10, 16, 15, 13, 14, 20, 19, 17, 18, 24, 23, 21, 22], [39, 40, 34, 33, 37, 38, 36, 35, 47, 48, 42, 41, 45, 46, 44, 43, 31, 32, 26, 25, 29, 30, 28, 27, 15, 16, 10, 9, 13, 14, 12, 11, 23, 24, 18, 17, 21, 22, 20, 19, 7, 8, 2, 1, 5, 6, 4, 3]];
cc:=[6,8,11];
gen_vectors_as_perm:=[S!perm : perm in gen_vectors];
passport_label:=3;
gen_vect_label:=1;
is_hyperelliptic:=false;
is_cyclic_trigonal:=false;
Append(~data, rec<RecFormat | group:=G, gp_id:=gp_id, signature:=signature, gen_vectors:=gen_vectors_as_perm, conj_classes:=cc, genus:=genus, dimension:=dim, r:=r, g0:=g0, passport_label:= passport_label,gen_vect_label:=gen_vect_label, is_hyperelliptic:=is_hyperelliptic,is_cyclic_trigonal:=is_cyclic_trigonal >);

// Here we add an action to data.
gen_vectors:=[[17, 18, 21, 22, 23, 24, 19, 20, 1, 2, 5, 6, 7, 8, 3, 4, 9, 10, 13, 14, 15, 16, 11, 12, 41, 42, 45, 46, 47, 48, 43, 44, 25, 26, 29, 30, 31, 32, 27, 28, 33, 34, 37, 38, 39, 40, 35, 36], [27, 28, 26, 25, 31, 32, 30, 29, 35, 36, 34, 33, 39, 40, 38, 37, 43, 44, 42, 41, 47, 48, 46, 45, 3, 4, 2, 1, 7, 8, 6, 5, 11, 12, 10, 9, 15, 16, 14, 13, 19, 20, 18, 17, 23, 24, 22, 21], [40, 39, 33, 34, 38, 37, 35, 36, 48, 47, 41, 42, 46, 45, 43, 44, 32, 31, 25, 26, 30, 29, 27, 28, 16, 15, 9, 10, 14, 13, 11, 12, 24, 23, 17, 18, 22, 21, 19, 20, 8, 7, 1, 2, 6, 5, 3, 4]];
cc:=[6,8,13];
gen_vectors_as_perm:=[S!perm : perm in gen_vectors];
passport_label:=4;
gen_vect_label:=1;
is_hyperelliptic:=false;
is_cyclic_trigonal:=false;
Append(~data, rec<RecFormat | group:=G, gp_id:=gp_id, signature:=signature, gen_vectors:=gen_vectors_as_perm, conj_classes:=cc, genus:=genus, dimension:=dim, r:=r, g0:=g0, passport_label:= passport_label,gen_vect_label:=gen_vect_label, is_hyperelliptic:=is_hyperelliptic,is_cyclic_trigonal:=is_cyclic_trigonal >);

// label = 7.56-11.0.2-7-7
// Create group as a permutation group and initialize signature information.
gp_id:=[56,11];
H:=SmallGroup(gp_id[1],gp_id[2]); n:=#H; LP:=[]; LG:=[g : g in H]; for i in [1..n] do x:=LG[i]; Tx:=[LG[j]*x : j in [1..n]]; permL:=[]; for j in [1..n] do for k in [1..n] do if Tx[j] eq LG[k] then permL[j]:=k;  break; end if; end for; end for; Append(~LP,permL); end for; G:=PermutationGroup<n|LP>; 
signature:=[0,2,7,7];
genus:=7;
r:=#signature-1;
g0:=signature[1];
dim:=3*g0-3+r;
S:=Sym(gp_id[1]);

// Here we add an action to data.
gen_vectors:=[[2, 1, 4, 3, 6, 5, 8, 7, 10, 9, 12, 11, 14, 13, 16, 15, 18, 17, 20, 19, 22, 21, 24, 23, 26, 25, 28, 27, 30, 29, 32, 31, 34, 33, 36, 35, 38, 37, 40, 39, 42, 41, 44, 43, 46, 45, 48, 47, 50, 49, 52, 51, 54, 53, 56, 55], [9, 14, 10, 13, 11, 16, 12, 15, 17, 22, 18, 21, 19, 24, 20, 23, 25, 30, 26, 29, 27, 32, 28, 31, 33, 38, 34, 37, 35, 40, 36, 39, 41, 46, 42, 45, 43, 48, 44, 47, 49, 54, 50, 53, 51, 56, 52, 55, 1, 6, 2, 5, 3, 8, 4, 7], [50, 52, 54, 56, 51, 49, 55, 53, 2, 4, 6, 8, 3, 1, 7, 5, 10, 12, 14, 16, 11, 9, 15, 13, 18, 20, 22, 24, 19, 17, 23, 21, 26, 28, 30, 32, 27, 25, 31, 29, 34, 36, 38, 40, 35, 33, 39, 37, 42, 44, 46, 48, 43, 41, 47, 45]];
cc:=[2,3,8];
gen_vectors_as_perm:=[S!perm : perm in gen_vectors];
passport_label:=1;
gen_vect_label:=1;
full_auto:=[504,156];
full_sign:=[0,2,3,7];
Append(~data, rec<RecFormat | group:=G, gp_id:=gp_id, signature:=signature, gen_vectors:=gen_vectors_as_perm, conj_classes:=cc, genus:=genus, dimension:=dim, r:=r, g0:=g0, passport_label:= passport_label,gen_vect_label:=gen_vect_label,full_auto:=full_auto, full_sign:=full_sign>);

// Here we add an action to data.
gen_vectors:=[[2, 1, 4, 3, 6, 5, 8, 7, 10, 9, 12, 11, 14, 13, 16, 15, 18, 17, 20, 19, 22, 21, 24, 23, 26, 25, 28, 27, 30, 29, 32, 31, 34, 33, 36, 35, 38, 37, 40, 39, 42, 41, 44, 43, 46, 45, 48, 47, 50, 49, 52, 51, 54, 53, 56, 55], [17, 24, 22, 19, 18, 23, 21, 20, 25, 32, 30, 27, 26, 31, 29, 28, 33, 40, 38, 35, 34, 39, 37, 36, 41, 48, 46, 43, 42, 47, 45, 44, 49, 56, 54, 51, 50, 55, 53, 52, 1, 8, 6, 3, 2, 7, 5, 4, 9, 16, 14, 11, 10, 15, 13, 12], [42, 46, 43, 47, 48, 44, 45, 41, 50, 54, 51, 55, 56, 52, 53, 49, 2, 6, 3, 7, 8, 4, 5, 1, 10, 14, 11, 15, 16, 12, 13, 9, 18, 22, 19, 23, 24, 20, 21, 17, 26, 30, 27, 31, 32, 28, 29, 25, 34, 38, 35, 39, 40, 36, 37, 33]];
cc:=[2,4,7];
gen_vectors_as_perm:=[S!perm : perm in gen_vectors];
passport_label:=2;
gen_vect_label:=1;
full_auto:=[504,156];
full_sign:=[0,2,3,7];
Append(~data, rec<RecFormat | group:=G, gp_id:=gp_id, signature:=signature, gen_vectors:=gen_vectors_as_perm, conj_classes:=cc, genus:=genus, dimension:=dim, r:=r, g0:=g0, passport_label:= passport_label,gen_vect_label:=gen_vect_label,full_auto:=full_auto, full_sign:=full_sign>);

// Here we add an action to data.
gen_vectors:=[[2, 1, 4, 3, 6, 5, 8, 7, 10, 9, 12, 11, 14, 13, 16, 15, 18, 17, 20, 19, 22, 21, 24, 23, 26, 25, 28, 27, 30, 29, 32, 31, 34, 33, 36, 35, 38, 37, 40, 39, 42, 41, 44, 43, 46, 45, 48, 47, 50, 49, 52, 51, 54, 53, 56, 55], [25, 31, 32, 26, 30, 28, 27, 29, 33, 39, 40, 34, 38, 36, 35, 37, 41, 47, 48, 42, 46, 44, 43, 45, 49, 55, 56, 50, 54, 52, 51, 53, 1, 7, 8, 2, 6, 4, 3, 5, 9, 15, 16, 10, 14, 12, 11, 13, 17, 23, 24, 18, 22, 20, 19, 21], [34, 35, 40, 37, 39, 38, 33, 36, 42, 43, 48, 45, 47, 46, 41, 44, 50, 51, 56, 53, 55, 54, 49, 52, 2, 3, 8, 5, 7, 6, 1, 4, 10, 11, 16, 13, 15, 14, 9, 12, 18, 19, 24, 21, 23, 22, 17, 20, 26, 27, 32, 29, 31, 30, 25, 28]];
cc:=[2,5,6];
gen_vectors_as_perm:=[S!perm : perm in gen_vectors];
passport_label:=3;
gen_vect_label:=1;
full_auto:=[504,156];
full_sign:=[0,2,3,7];
Append(~data, rec<RecFormat | group:=G, gp_id:=gp_id, signature:=signature, gen_vectors:=gen_vectors_as_perm, conj_classes:=cc, genus:=genus, dimension:=dim, r:=r, g0:=g0, passport_label:= passport_label,gen_vect_label:=gen_vect_label,full_auto:=full_auto, full_sign:=full_sign>);

// label = 7.27-2.0.3-9-9
// Create group as a permutation group and initialize signature information.
gp_id:=[27,2];
H:=SmallGroup(gp_id[1],gp_id[2]); n:=#H; LP:=[]; LG:=[g : g in H]; for i in [1..n] do x:=LG[i]; Tx:=[LG[j]*x : j in [1..n]]; permL:=[]; for j in [1..n] do for k in [1..n] do if Tx[j] eq LG[k] then permL[j]:=k;  break; end if; end for; end for; Append(~LP,permL); end for; G:=PermutationGroup<n|LP>; 
signature:=[0,3,9,9];
genus:=7;
r:=#signature-1;
g0:=signature[1];
dim:=3*g0-3+r;
S:=Sym(gp_id[1]);

// Here we add an action to data.
gen_vectors:=[[4, 5, 6, 7, 8, 9, 1, 2, 3, 13, 14, 15, 16, 17, 18, 10, 11, 12, 22, 23, 24, 25, 26, 27, 19, 20, 21], [10, 11, 12, 13, 14, 15, 16, 17, 18, 19, 20, 21, 22, 23, 24, 25, 26, 27, 2, 3, 1, 5, 6, 4, 8, 9, 7], [27, 25, 26, 21, 19, 20, 24, 22, 23, 7, 8, 9, 1, 2, 3, 4, 5, 6, 16, 17, 18, 10, 11, 12, 13, 14, 15]];
cc:=[4,10,21];
gen_vectors_as_perm:=[S!perm : perm in gen_vectors];
passport_label:=1;
gen_vect_label:=1;
full_auto:=[54,3];
full_sign:=[0,2,6,9];
Append(~data, rec<RecFormat | group:=G, gp_id:=gp_id, signature:=signature, gen_vectors:=gen_vectors_as_perm, conj_classes:=cc, genus:=genus, dimension:=dim, r:=r, g0:=g0, passport_label:= passport_label,gen_vect_label:=gen_vect_label,full_auto:=full_auto, full_sign:=full_sign>);

// Here we add an action to data.
gen_vectors:=[[4, 5, 6, 7, 8, 9, 1, 2, 3, 13, 14, 15, 16, 17, 18, 10, 11, 12, 22, 23, 24, 25, 26, 27, 19, 20, 21], [19, 20, 21, 22, 23, 24, 25, 26, 27, 2, 3, 1, 5, 6, 4, 8, 9, 7, 11, 12, 10, 14, 15, 13, 17, 18, 16], [18, 16, 17, 12, 10, 11, 15, 13, 14, 27, 25, 26, 21, 19, 20, 24, 22, 23, 7, 8, 9, 1, 2, 3, 4, 5, 6]];
cc:=[4,11,26];
gen_vectors_as_perm:=[S!perm : perm in gen_vectors];
passport_label:=2;
gen_vect_label:=1;
full_auto:=[54,3];
full_sign:=[0,2,6,9];
Append(~data, rec<RecFormat | group:=G, gp_id:=gp_id, signature:=signature, gen_vectors:=gen_vectors_as_perm, conj_classes:=cc, genus:=genus, dimension:=dim, r:=r, g0:=g0, passport_label:= passport_label,gen_vect_label:=gen_vect_label,full_auto:=full_auto, full_sign:=full_sign>);

// Here we add an action to data.
gen_vectors:=[[4, 5, 6, 7, 8, 9, 1, 2, 3, 13, 14, 15, 16, 17, 18, 10, 11, 12, 22, 23, 24, 25, 26, 27, 19, 20, 21], [11, 12, 10, 14, 15, 13, 17, 18, 16, 20, 21, 19, 23, 24, 22, 26, 27, 25, 3, 1, 2, 6, 4, 5, 9, 7, 8], [26, 27, 25, 20, 21, 19, 23, 24, 22, 9, 7, 8, 3, 1, 2, 6, 4, 5, 18, 16, 17, 12, 10, 11, 15, 13, 14]];
cc:=[4,12,19];
gen_vectors_as_perm:=[S!perm : perm in gen_vectors];
passport_label:=3;
gen_vect_label:=1;
full_auto:=[54,3];
full_sign:=[0,2,6,9];
Append(~data, rec<RecFormat | group:=G, gp_id:=gp_id, signature:=signature, gen_vectors:=gen_vectors_as_perm, conj_classes:=cc, genus:=genus, dimension:=dim, r:=r, g0:=g0, passport_label:= passport_label,gen_vect_label:=gen_vect_label,full_auto:=full_auto, full_sign:=full_sign>);

// Here we add an action to data.
gen_vectors:=[[4, 5, 6, 7, 8, 9, 1, 2, 3, 13, 14, 15, 16, 17, 18, 10, 11, 12, 22, 23, 24, 25, 26, 27, 19, 20, 21], [20, 21, 19, 23, 24, 22, 26, 27, 25, 3, 1, 2, 6, 4, 5, 9, 7, 8, 12, 10, 11, 15, 13, 14, 18, 16, 17], [17, 18, 16, 11, 12, 10, 14, 15, 13, 26, 27, 25, 20, 21, 19, 23, 24, 22, 9, 7, 8, 3, 1, 2, 6, 4, 5]];
cc:=[4,13,24];
gen_vectors_as_perm:=[S!perm : perm in gen_vectors];
passport_label:=4;
gen_vect_label:=1;
full_auto:=[54,3];
full_sign:=[0,2,6,9];
Append(~data, rec<RecFormat | group:=G, gp_id:=gp_id, signature:=signature, gen_vectors:=gen_vectors_as_perm, conj_classes:=cc, genus:=genus, dimension:=dim, r:=r, g0:=g0, passport_label:= passport_label,gen_vect_label:=gen_vect_label,full_auto:=full_auto, full_sign:=full_sign>);

// Here we add an action to data.
gen_vectors:=[[4, 5, 6, 7, 8, 9, 1, 2, 3, 13, 14, 15, 16, 17, 18, 10, 11, 12, 22, 23, 24, 25, 26, 27, 19, 20, 21], [12, 10, 11, 15, 13, 14, 18, 16, 17, 21, 19, 20, 24, 22, 23, 27, 25, 26, 1, 2, 3, 4, 5, 6, 7, 8, 9], [25, 26, 27, 19, 20, 21, 22, 23, 24, 8, 9, 7, 2, 3, 1, 5, 6, 4, 17, 18, 16, 11, 12, 10, 14, 15, 13]];
cc:=[4,14,17];
gen_vectors_as_perm:=[S!perm : perm in gen_vectors];
passport_label:=5;
gen_vect_label:=1;
full_auto:=[54,3];
full_sign:=[0,2,6,9];
Append(~data, rec<RecFormat | group:=G, gp_id:=gp_id, signature:=signature, gen_vectors:=gen_vectors_as_perm, conj_classes:=cc, genus:=genus, dimension:=dim, r:=r, g0:=g0, passport_label:= passport_label,gen_vect_label:=gen_vect_label,full_auto:=full_auto, full_sign:=full_sign>);

// Here we add an action to data.
gen_vectors:=[[4, 5, 6, 7, 8, 9, 1, 2, 3, 13, 14, 15, 16, 17, 18, 10, 11, 12, 22, 23, 24, 25, 26, 27, 19, 20, 21], [21, 19, 20, 24, 22, 23, 27, 25, 26, 1, 2, 3, 4, 5, 6, 7, 8, 9, 10, 11, 12, 13, 14, 15, 16, 17, 18], [16, 17, 18, 10, 11, 12, 13, 14, 15, 25, 26, 27, 19, 20, 21, 22, 23, 24, 8, 9, 7, 2, 3, 1, 5, 6, 4]];
cc:=[4,15,22];
gen_vectors_as_perm:=[S!perm : perm in gen_vectors];
passport_label:=6;
gen_vect_label:=1;
full_auto:=[54,3];
full_sign:=[0,2,6,9];
Append(~data, rec<RecFormat | group:=G, gp_id:=gp_id, signature:=signature, gen_vectors:=gen_vectors_as_perm, conj_classes:=cc, genus:=genus, dimension:=dim, r:=r, g0:=g0, passport_label:= passport_label,gen_vect_label:=gen_vect_label,full_auto:=full_auto, full_sign:=full_sign>);

// Here we add an action to data.
gen_vectors:=[[4, 5, 6, 7, 8, 9, 1, 2, 3, 13, 14, 15, 16, 17, 18, 10, 11, 12, 22, 23, 24, 25, 26, 27, 19, 20, 21], [13, 14, 15, 16, 17, 18, 10, 11, 12, 22, 23, 24, 25, 26, 27, 19, 20, 21, 5, 6, 4, 8, 9, 7, 2, 3, 1], [24, 22, 23, 27, 25, 26, 21, 19, 20, 4, 5, 6, 7, 8, 9, 1, 2, 3, 13, 14, 15, 16, 17, 18, 10, 11, 12]];
cc:=[4,16,27];
gen_vectors_as_perm:=[S!perm : perm in gen_vectors];
passport_label:=7;
gen_vect_label:=1;
full_auto:=[54,3];
full_sign:=[0,2,6,9];
Append(~data, rec<RecFormat | group:=G, gp_id:=gp_id, signature:=signature, gen_vectors:=gen_vectors_as_perm, conj_classes:=cc, genus:=genus, dimension:=dim, r:=r, g0:=g0, passport_label:= passport_label,gen_vect_label:=gen_vect_label,full_auto:=full_auto, full_sign:=full_sign>);

// Here we add an action to data.
gen_vectors:=[[4, 5, 6, 7, 8, 9, 1, 2, 3, 13, 14, 15, 16, 17, 18, 10, 11, 12, 22, 23, 24, 25, 26, 27, 19, 20, 21], [14, 15, 13, 17, 18, 16, 11, 12, 10, 23, 24, 22, 26, 27, 25, 20, 21, 19, 6, 4, 5, 9, 7, 8, 3, 1, 2], [23, 24, 22, 26, 27, 25, 20, 21, 19, 6, 4, 5, 9, 7, 8, 3, 1, 2, 15, 13, 14, 18, 16, 17, 12, 10, 11]];
cc:=[4,18,25];
gen_vectors_as_perm:=[S!perm : perm in gen_vectors];
passport_label:=8;
gen_vect_label:=1;
full_auto:=[54,3];
full_sign:=[0,2,6,9];
Append(~data, rec<RecFormat | group:=G, gp_id:=gp_id, signature:=signature, gen_vectors:=gen_vectors_as_perm, conj_classes:=cc, genus:=genus, dimension:=dim, r:=r, g0:=g0, passport_label:= passport_label,gen_vect_label:=gen_vect_label,full_auto:=full_auto, full_sign:=full_sign>);

// Here we add an action to data.
gen_vectors:=[[4, 5, 6, 7, 8, 9, 1, 2, 3, 13, 14, 15, 16, 17, 18, 10, 11, 12, 22, 23, 24, 25, 26, 27, 19, 20, 21], [15, 13, 14, 18, 16, 17, 12, 10, 11, 24, 22, 23, 27, 25, 26, 21, 19, 20, 4, 5, 6, 7, 8, 9, 1, 2, 3], [22, 23, 24, 25, 26, 27, 19, 20, 21, 5, 6, 4, 8, 9, 7, 2, 3, 1, 14, 15, 13, 17, 18, 16, 11, 12, 10]];
cc:=[4,20,23];
gen_vectors_as_perm:=[S!perm : perm in gen_vectors];
passport_label:=9;
gen_vect_label:=1;
full_auto:=[54,3];
full_sign:=[0,2,6,9];
Append(~data, rec<RecFormat | group:=G, gp_id:=gp_id, signature:=signature, gen_vectors:=gen_vectors_as_perm, conj_classes:=cc, genus:=genus, dimension:=dim, r:=r, g0:=g0, passport_label:= passport_label,gen_vect_label:=gen_vect_label,full_auto:=full_auto, full_sign:=full_sign>);

// Here we add an action to data.
gen_vectors:=[[7, 8, 9, 1, 2, 3, 4, 5, 6, 16, 17, 18, 10, 11, 12, 13, 14, 15, 25, 26, 27, 19, 20, 21, 22, 23, 24], [10, 11, 12, 13, 14, 15, 16, 17, 18, 19, 20, 21, 22, 23, 24, 25, 26, 27, 2, 3, 1, 5, 6, 4, 8, 9, 7], [24, 22, 23, 27, 25, 26, 21, 19, 20, 4, 5, 6, 7, 8, 9, 1, 2, 3, 13, 14, 15, 16, 17, 18, 10, 11, 12]];
cc:=[5,10,27];
gen_vectors_as_perm:=[S!perm : perm in gen_vectors];
passport_label:=10;
gen_vect_label:=1;
full_auto:=[54,3];
full_sign:=[0,2,6,9];
Append(~data, rec<RecFormat | group:=G, gp_id:=gp_id, signature:=signature, gen_vectors:=gen_vectors_as_perm, conj_classes:=cc, genus:=genus, dimension:=dim, r:=r, g0:=g0, passport_label:= passport_label,gen_vect_label:=gen_vect_label,full_auto:=full_auto, full_sign:=full_sign>);

// Here we add an action to data.
gen_vectors:=[[7, 8, 9, 1, 2, 3, 4, 5, 6, 16, 17, 18, 10, 11, 12, 13, 14, 15, 25, 26, 27, 19, 20, 21, 22, 23, 24], [19, 20, 21, 22, 23, 24, 25, 26, 27, 2, 3, 1, 5, 6, 4, 8, 9, 7, 11, 12, 10, 14, 15, 13, 17, 18, 16], [15, 13, 14, 18, 16, 17, 12, 10, 11, 24, 22, 23, 27, 25, 26, 21, 19, 20, 4, 5, 6, 7, 8, 9, 1, 2, 3]];
cc:=[5,11,20];
gen_vectors_as_perm:=[S!perm : perm in gen_vectors];
passport_label:=11;
gen_vect_label:=1;
full_auto:=[54,3];
full_sign:=[0,2,6,9];
Append(~data, rec<RecFormat | group:=G, gp_id:=gp_id, signature:=signature, gen_vectors:=gen_vectors_as_perm, conj_classes:=cc, genus:=genus, dimension:=dim, r:=r, g0:=g0, passport_label:= passport_label,gen_vect_label:=gen_vect_label,full_auto:=full_auto, full_sign:=full_sign>);

// Here we add an action to data.
gen_vectors:=[[7, 8, 9, 1, 2, 3, 4, 5, 6, 16, 17, 18, 10, 11, 12, 13, 14, 15, 25, 26, 27, 19, 20, 21, 22, 23, 24], [11, 12, 10, 14, 15, 13, 17, 18, 16, 20, 21, 19, 23, 24, 22, 26, 27, 25, 3, 1, 2, 6, 4, 5, 9, 7, 8], [23, 24, 22, 26, 27, 25, 20, 21, 19, 6, 4, 5, 9, 7, 8, 3, 1, 2, 15, 13, 14, 18, 16, 17, 12, 10, 11]];
cc:=[5,12,25];
gen_vectors_as_perm:=[S!perm : perm in gen_vectors];
passport_label:=12;
gen_vect_label:=1;
full_auto:=[54,3];
full_sign:=[0,2,6,9];
Append(~data, rec<RecFormat | group:=G, gp_id:=gp_id, signature:=signature, gen_vectors:=gen_vectors_as_perm, conj_classes:=cc, genus:=genus, dimension:=dim, r:=r, g0:=g0, passport_label:= passport_label,gen_vect_label:=gen_vect_label,full_auto:=full_auto, full_sign:=full_sign>);

// Here we add an action to data.
gen_vectors:=[[7, 8, 9, 1, 2, 3, 4, 5, 6, 16, 17, 18, 10, 11, 12, 13, 14, 15, 25, 26, 27, 19, 20, 21, 22, 23, 24], [20, 21, 19, 23, 24, 22, 26, 27, 25, 3, 1, 2, 6, 4, 5, 9, 7, 8, 12, 10, 11, 15, 13, 14, 18, 16, 17], [14, 15, 13, 17, 18, 16, 11, 12, 10, 23, 24, 22, 26, 27, 25, 20, 21, 19, 6, 4, 5, 9, 7, 8, 3, 1, 2]];
cc:=[5,13,18];
gen_vectors_as_perm:=[S!perm : perm in gen_vectors];
passport_label:=13;
gen_vect_label:=1;
full_auto:=[54,3];
full_sign:=[0,2,6,9];
Append(~data, rec<RecFormat | group:=G, gp_id:=gp_id, signature:=signature, gen_vectors:=gen_vectors_as_perm, conj_classes:=cc, genus:=genus, dimension:=dim, r:=r, g0:=g0, passport_label:= passport_label,gen_vect_label:=gen_vect_label,full_auto:=full_auto, full_sign:=full_sign>);

// Here we add an action to data.
gen_vectors:=[[7, 8, 9, 1, 2, 3, 4, 5, 6, 16, 17, 18, 10, 11, 12, 13, 14, 15, 25, 26, 27, 19, 20, 21, 22, 23, 24], [12, 10, 11, 15, 13, 14, 18, 16, 17, 21, 19, 20, 24, 22, 23, 27, 25, 26, 1, 2, 3, 4, 5, 6, 7, 8, 9], [22, 23, 24, 25, 26, 27, 19, 20, 21, 5, 6, 4, 8, 9, 7, 2, 3, 1, 14, 15, 13, 17, 18, 16, 11, 12, 10]];
cc:=[5,14,23];
gen_vectors_as_perm:=[S!perm : perm in gen_vectors];
passport_label:=14;
gen_vect_label:=1;
full_auto:=[54,3];
full_sign:=[0,2,6,9];
Append(~data, rec<RecFormat | group:=G, gp_id:=gp_id, signature:=signature, gen_vectors:=gen_vectors_as_perm, conj_classes:=cc, genus:=genus, dimension:=dim, r:=r, g0:=g0, passport_label:= passport_label,gen_vect_label:=gen_vect_label,full_auto:=full_auto, full_sign:=full_sign>);

// Here we add an action to data.
gen_vectors:=[[7, 8, 9, 1, 2, 3, 4, 5, 6, 16, 17, 18, 10, 11, 12, 13, 14, 15, 25, 26, 27, 19, 20, 21, 22, 23, 24], [21, 19, 20, 24, 22, 23, 27, 25, 26, 1, 2, 3, 4, 5, 6, 7, 8, 9, 10, 11, 12, 13, 14, 15, 16, 17, 18], [13, 14, 15, 16, 17, 18, 10, 11, 12, 22, 23, 24, 25, 26, 27, 19, 20, 21, 5, 6, 4, 8, 9, 7, 2, 3, 1]];
cc:=[5,15,16];
gen_vectors_as_perm:=[S!perm : perm in gen_vectors];
passport_label:=15;
gen_vect_label:=1;
full_auto:=[54,3];
full_sign:=[0,2,6,9];
Append(~data, rec<RecFormat | group:=G, gp_id:=gp_id, signature:=signature, gen_vectors:=gen_vectors_as_perm, conj_classes:=cc, genus:=genus, dimension:=dim, r:=r, g0:=g0, passport_label:= passport_label,gen_vect_label:=gen_vect_label,full_auto:=full_auto, full_sign:=full_sign>);

// Here we add an action to data.
gen_vectors:=[[7, 8, 9, 1, 2, 3, 4, 5, 6, 16, 17, 18, 10, 11, 12, 13, 14, 15, 25, 26, 27, 19, 20, 21, 22, 23, 24], [25, 26, 27, 19, 20, 21, 22, 23, 24, 8, 9, 7, 2, 3, 1, 5, 6, 4, 17, 18, 16, 11, 12, 10, 14, 15, 13], [18, 16, 17, 12, 10, 11, 15, 13, 14, 27, 25, 26, 21, 19, 20, 24, 22, 23, 7, 8, 9, 1, 2, 3, 4, 5, 6]];
cc:=[5,17,26];
gen_vectors_as_perm:=[S!perm : perm in gen_vectors];
passport_label:=16;
gen_vect_label:=1;
full_auto:=[54,3];
full_sign:=[0,2,6,9];
Append(~data, rec<RecFormat | group:=G, gp_id:=gp_id, signature:=signature, gen_vectors:=gen_vectors_as_perm, conj_classes:=cc, genus:=genus, dimension:=dim, r:=r, g0:=g0, passport_label:= passport_label,gen_vect_label:=gen_vect_label,full_auto:=full_auto, full_sign:=full_sign>);

// Here we add an action to data.
gen_vectors:=[[7, 8, 9, 1, 2, 3, 4, 5, 6, 16, 17, 18, 10, 11, 12, 13, 14, 15, 25, 26, 27, 19, 20, 21, 22, 23, 24], [26, 27, 25, 20, 21, 19, 23, 24, 22, 9, 7, 8, 3, 1, 2, 6, 4, 5, 18, 16, 17, 12, 10, 11, 15, 13, 14], [17, 18, 16, 11, 12, 10, 14, 15, 13, 26, 27, 25, 20, 21, 19, 23, 24, 22, 9, 7, 8, 3, 1, 2, 6, 4, 5]];
cc:=[5,19,24];
gen_vectors_as_perm:=[S!perm : perm in gen_vectors];
passport_label:=17;
gen_vect_label:=1;
full_auto:=[54,3];
full_sign:=[0,2,6,9];
Append(~data, rec<RecFormat | group:=G, gp_id:=gp_id, signature:=signature, gen_vectors:=gen_vectors_as_perm, conj_classes:=cc, genus:=genus, dimension:=dim, r:=r, g0:=g0, passport_label:= passport_label,gen_vect_label:=gen_vect_label,full_auto:=full_auto, full_sign:=full_sign>);

// Here we add an action to data.
gen_vectors:=[[7, 8, 9, 1, 2, 3, 4, 5, 6, 16, 17, 18, 10, 11, 12, 13, 14, 15, 25, 26, 27, 19, 20, 21, 22, 23, 24], [27, 25, 26, 21, 19, 20, 24, 22, 23, 7, 8, 9, 1, 2, 3, 4, 5, 6, 16, 17, 18, 10, 11, 12, 13, 14, 15], [16, 17, 18, 10, 11, 12, 13, 14, 15, 25, 26, 27, 19, 20, 21, 22, 23, 24, 8, 9, 7, 2, 3, 1, 5, 6, 4]];
cc:=[5,21,22];
gen_vectors_as_perm:=[S!perm : perm in gen_vectors];
passport_label:=18;
gen_vect_label:=1;
full_auto:=[54,3];
full_sign:=[0,2,6,9];
Append(~data, rec<RecFormat | group:=G, gp_id:=gp_id, signature:=signature, gen_vectors:=gen_vectors_as_perm, conj_classes:=cc, genus:=genus, dimension:=dim, r:=r, g0:=g0, passport_label:= passport_label,gen_vect_label:=gen_vect_label,full_auto:=full_auto, full_sign:=full_sign>);

// Here we add an action to data.
gen_vectors:=[[5, 6, 4, 8, 9, 7, 2, 3, 1, 14, 15, 13, 17, 18, 16, 11, 12, 10, 23, 24, 22, 26, 27, 25, 20, 21, 19], [10, 11, 12, 13, 14, 15, 16, 17, 18, 19, 20, 21, 22, 23, 24, 25, 26, 27, 2, 3, 1, 5, 6, 4, 8, 9, 7], [26, 27, 25, 20, 21, 19, 23, 24, 22, 9, 7, 8, 3, 1, 2, 6, 4, 5, 18, 16, 17, 12, 10, 11, 15, 13, 14]];
cc:=[6,10,19];
gen_vectors_as_perm:=[S!perm : perm in gen_vectors];
passport_label:=19;
gen_vect_label:=1;
full_auto:=[54,3];
full_sign:=[0,2,6,9];
Append(~data, rec<RecFormat | group:=G, gp_id:=gp_id, signature:=signature, gen_vectors:=gen_vectors_as_perm, conj_classes:=cc, genus:=genus, dimension:=dim, r:=r, g0:=g0, passport_label:= passport_label,gen_vect_label:=gen_vect_label,full_auto:=full_auto, full_sign:=full_sign>);

// Here we add an action to data.
gen_vectors:=[[5, 6, 4, 8, 9, 7, 2, 3, 1, 14, 15, 13, 17, 18, 16, 11, 12, 10, 23, 24, 22, 26, 27, 25, 20, 21, 19], [19, 20, 21, 22, 23, 24, 25, 26, 27, 2, 3, 1, 5, 6, 4, 8, 9, 7, 11, 12, 10, 14, 15, 13, 17, 18, 16], [17, 18, 16, 11, 12, 10, 14, 15, 13, 26, 27, 25, 20, 21, 19, 23, 24, 22, 9, 7, 8, 3, 1, 2, 6, 4, 5]];
cc:=[6,11,24];
gen_vectors_as_perm:=[S!perm : perm in gen_vectors];
passport_label:=20;
gen_vect_label:=1;
full_auto:=[54,3];
full_sign:=[0,2,6,9];
Append(~data, rec<RecFormat | group:=G, gp_id:=gp_id, signature:=signature, gen_vectors:=gen_vectors_as_perm, conj_classes:=cc, genus:=genus, dimension:=dim, r:=r, g0:=g0, passport_label:= passport_label,gen_vect_label:=gen_vect_label,full_auto:=full_auto, full_sign:=full_sign>);

// Here we add an action to data.
gen_vectors:=[[5, 6, 4, 8, 9, 7, 2, 3, 1, 14, 15, 13, 17, 18, 16, 11, 12, 10, 23, 24, 22, 26, 27, 25, 20, 21, 19], [11, 12, 10, 14, 15, 13, 17, 18, 16, 20, 21, 19, 23, 24, 22, 26, 27, 25, 3, 1, 2, 6, 4, 5, 9, 7, 8], [25, 26, 27, 19, 20, 21, 22, 23, 24, 8, 9, 7, 2, 3, 1, 5, 6, 4, 17, 18, 16, 11, 12, 10, 14, 15, 13]];
cc:=[6,12,17];
gen_vectors_as_perm:=[S!perm : perm in gen_vectors];
passport_label:=21;
gen_vect_label:=1;
full_auto:=[54,3];
full_sign:=[0,2,6,9];
Append(~data, rec<RecFormat | group:=G, gp_id:=gp_id, signature:=signature, gen_vectors:=gen_vectors_as_perm, conj_classes:=cc, genus:=genus, dimension:=dim, r:=r, g0:=g0, passport_label:= passport_label,gen_vect_label:=gen_vect_label,full_auto:=full_auto, full_sign:=full_sign>);

// Here we add an action to data.
gen_vectors:=[[5, 6, 4, 8, 9, 7, 2, 3, 1, 14, 15, 13, 17, 18, 16, 11, 12, 10, 23, 24, 22, 26, 27, 25, 20, 21, 19], [20, 21, 19, 23, 24, 22, 26, 27, 25, 3, 1, 2, 6, 4, 5, 9, 7, 8, 12, 10, 11, 15, 13, 14, 18, 16, 17], [16, 17, 18, 10, 11, 12, 13, 14, 15, 25, 26, 27, 19, 20, 21, 22, 23, 24, 8, 9, 7, 2, 3, 1, 5, 6, 4]];
cc:=[6,13,22];
gen_vectors_as_perm:=[S!perm : perm in gen_vectors];
passport_label:=22;
gen_vect_label:=1;
full_auto:=[54,3];
full_sign:=[0,2,6,9];
Append(~data, rec<RecFormat | group:=G, gp_id:=gp_id, signature:=signature, gen_vectors:=gen_vectors_as_perm, conj_classes:=cc, genus:=genus, dimension:=dim, r:=r, g0:=g0, passport_label:= passport_label,gen_vect_label:=gen_vect_label,full_auto:=full_auto, full_sign:=full_sign>);

// Here we add an action to data.
gen_vectors:=[[5, 6, 4, 8, 9, 7, 2, 3, 1, 14, 15, 13, 17, 18, 16, 11, 12, 10, 23, 24, 22, 26, 27, 25, 20, 21, 19], [12, 10, 11, 15, 13, 14, 18, 16, 17, 21, 19, 20, 24, 22, 23, 27, 25, 26, 1, 2, 3, 4, 5, 6, 7, 8, 9], [27, 25, 26, 21, 19, 20, 24, 22, 23, 7, 8, 9, 1, 2, 3, 4, 5, 6, 16, 17, 18, 10, 11, 12, 13, 14, 15]];
cc:=[6,14,21];
gen_vectors_as_perm:=[S!perm : perm in gen_vectors];
passport_label:=23;
gen_vect_label:=1;
full_auto:=[54,3];
full_sign:=[0,2,6,9];
Append(~data, rec<RecFormat | group:=G, gp_id:=gp_id, signature:=signature, gen_vectors:=gen_vectors_as_perm, conj_classes:=cc, genus:=genus, dimension:=dim, r:=r, g0:=g0, passport_label:= passport_label,gen_vect_label:=gen_vect_label,full_auto:=full_auto, full_sign:=full_sign>);

// Here we add an action to data.
gen_vectors:=[[5, 6, 4, 8, 9, 7, 2, 3, 1, 14, 15, 13, 17, 18, 16, 11, 12, 10, 23, 24, 22, 26, 27, 25, 20, 21, 19], [21, 19, 20, 24, 22, 23, 27, 25, 26, 1, 2, 3, 4, 5, 6, 7, 8, 9, 10, 11, 12, 13, 14, 15, 16, 17, 18], [18, 16, 17, 12, 10, 11, 15, 13, 14, 27, 25, 26, 21, 19, 20, 24, 22, 23, 7, 8, 9, 1, 2, 3, 4, 5, 6]];
cc:=[6,15,26];
gen_vectors_as_perm:=[S!perm : perm in gen_vectors];
passport_label:=24;
gen_vect_label:=1;
full_auto:=[54,3];
full_sign:=[0,2,6,9];
Append(~data, rec<RecFormat | group:=G, gp_id:=gp_id, signature:=signature, gen_vectors:=gen_vectors_as_perm, conj_classes:=cc, genus:=genus, dimension:=dim, r:=r, g0:=g0, passport_label:= passport_label,gen_vect_label:=gen_vect_label,full_auto:=full_auto, full_sign:=full_sign>);

// Here we add an action to data.
gen_vectors:=[[5, 6, 4, 8, 9, 7, 2, 3, 1, 14, 15, 13, 17, 18, 16, 11, 12, 10, 23, 24, 22, 26, 27, 25, 20, 21, 19], [13, 14, 15, 16, 17, 18, 10, 11, 12, 22, 23, 24, 25, 26, 27, 19, 20, 21, 5, 6, 4, 8, 9, 7, 2, 3, 1], [23, 24, 22, 26, 27, 25, 20, 21, 19, 6, 4, 5, 9, 7, 8, 3, 1, 2, 15, 13, 14, 18, 16, 17, 12, 10, 11]];
cc:=[6,16,25];
gen_vectors_as_perm:=[S!perm : perm in gen_vectors];
passport_label:=25;
gen_vect_label:=1;
full_auto:=[54,3];
full_sign:=[0,2,6,9];
Append(~data, rec<RecFormat | group:=G, gp_id:=gp_id, signature:=signature, gen_vectors:=gen_vectors_as_perm, conj_classes:=cc, genus:=genus, dimension:=dim, r:=r, g0:=g0, passport_label:= passport_label,gen_vect_label:=gen_vect_label,full_auto:=full_auto, full_sign:=full_sign>);

// Here we add an action to data.
gen_vectors:=[[5, 6, 4, 8, 9, 7, 2, 3, 1, 14, 15, 13, 17, 18, 16, 11, 12, 10, 23, 24, 22, 26, 27, 25, 20, 21, 19], [14, 15, 13, 17, 18, 16, 11, 12, 10, 23, 24, 22, 26, 27, 25, 20, 21, 19, 6, 4, 5, 9, 7, 8, 3, 1, 2], [22, 23, 24, 25, 26, 27, 19, 20, 21, 5, 6, 4, 8, 9, 7, 2, 3, 1, 14, 15, 13, 17, 18, 16, 11, 12, 10]];
cc:=[6,18,23];
gen_vectors_as_perm:=[S!perm : perm in gen_vectors];
passport_label:=26;
gen_vect_label:=1;
full_auto:=[54,3];
full_sign:=[0,2,6,9];
Append(~data, rec<RecFormat | group:=G, gp_id:=gp_id, signature:=signature, gen_vectors:=gen_vectors_as_perm, conj_classes:=cc, genus:=genus, dimension:=dim, r:=r, g0:=g0, passport_label:= passport_label,gen_vect_label:=gen_vect_label,full_auto:=full_auto, full_sign:=full_sign>);

// Here we add an action to data.
gen_vectors:=[[5, 6, 4, 8, 9, 7, 2, 3, 1, 14, 15, 13, 17, 18, 16, 11, 12, 10, 23, 24, 22, 26, 27, 25, 20, 21, 19], [15, 13, 14, 18, 16, 17, 12, 10, 11, 24, 22, 23, 27, 25, 26, 21, 19, 20, 4, 5, 6, 7, 8, 9, 1, 2, 3], [24, 22, 23, 27, 25, 26, 21, 19, 20, 4, 5, 6, 7, 8, 9, 1, 2, 3, 13, 14, 15, 16, 17, 18, 10, 11, 12]];
cc:=[6,20,27];
gen_vectors_as_perm:=[S!perm : perm in gen_vectors];
passport_label:=27;
gen_vect_label:=1;
full_auto:=[54,3];
full_sign:=[0,2,6,9];
Append(~data, rec<RecFormat | group:=G, gp_id:=gp_id, signature:=signature, gen_vectors:=gen_vectors_as_perm, conj_classes:=cc, genus:=genus, dimension:=dim, r:=r, g0:=g0, passport_label:= passport_label,gen_vect_label:=gen_vect_label,full_auto:=full_auto, full_sign:=full_sign>);

// Here we add an action to data.
gen_vectors:=[[9, 7, 8, 3, 1, 2, 6, 4, 5, 18, 16, 17, 12, 10, 11, 15, 13, 14, 27, 25, 26, 21, 19, 20, 24, 22, 23], [10, 11, 12, 13, 14, 15, 16, 17, 18, 19, 20, 21, 22, 23, 24, 25, 26, 27, 2, 3, 1, 5, 6, 4, 8, 9, 7], [22, 23, 24, 25, 26, 27, 19, 20, 21, 5, 6, 4, 8, 9, 7, 2, 3, 1, 14, 15, 13, 17, 18, 16, 11, 12, 10]];
cc:=[7,10,23];
gen_vectors_as_perm:=[S!perm : perm in gen_vectors];
passport_label:=28;
gen_vect_label:=1;
full_auto:=[54,3];
full_sign:=[0,2,6,9];
Append(~data, rec<RecFormat | group:=G, gp_id:=gp_id, signature:=signature, gen_vectors:=gen_vectors_as_perm, conj_classes:=cc, genus:=genus, dimension:=dim, r:=r, g0:=g0, passport_label:= passport_label,gen_vect_label:=gen_vect_label,full_auto:=full_auto, full_sign:=full_sign>);

// Here we add an action to data.
gen_vectors:=[[9, 7, 8, 3, 1, 2, 6, 4, 5, 18, 16, 17, 12, 10, 11, 15, 13, 14, 27, 25, 26, 21, 19, 20, 24, 22, 23], [19, 20, 21, 22, 23, 24, 25, 26, 27, 2, 3, 1, 5, 6, 4, 8, 9, 7, 11, 12, 10, 14, 15, 13, 17, 18, 16], [13, 14, 15, 16, 17, 18, 10, 11, 12, 22, 23, 24, 25, 26, 27, 19, 20, 21, 5, 6, 4, 8, 9, 7, 2, 3, 1]];
cc:=[7,11,16];
gen_vectors_as_perm:=[S!perm : perm in gen_vectors];
passport_label:=29;
gen_vect_label:=1;
full_auto:=[54,3];
full_sign:=[0,2,6,9];
Append(~data, rec<RecFormat | group:=G, gp_id:=gp_id, signature:=signature, gen_vectors:=gen_vectors_as_perm, conj_classes:=cc, genus:=genus, dimension:=dim, r:=r, g0:=g0, passport_label:= passport_label,gen_vect_label:=gen_vect_label,full_auto:=full_auto, full_sign:=full_sign>);

// Here we add an action to data.
gen_vectors:=[[9, 7, 8, 3, 1, 2, 6, 4, 5, 18, 16, 17, 12, 10, 11, 15, 13, 14, 27, 25, 26, 21, 19, 20, 24, 22, 23], [11, 12, 10, 14, 15, 13, 17, 18, 16, 20, 21, 19, 23, 24, 22, 26, 27, 25, 3, 1, 2, 6, 4, 5, 9, 7, 8], [24, 22, 23, 27, 25, 26, 21, 19, 20, 4, 5, 6, 7, 8, 9, 1, 2, 3, 13, 14, 15, 16, 17, 18, 10, 11, 12]];
cc:=[7,12,27];
gen_vectors_as_perm:=[S!perm : perm in gen_vectors];
passport_label:=30;
gen_vect_label:=1;
full_auto:=[54,3];
full_sign:=[0,2,6,9];
Append(~data, rec<RecFormat | group:=G, gp_id:=gp_id, signature:=signature, gen_vectors:=gen_vectors_as_perm, conj_classes:=cc, genus:=genus, dimension:=dim, r:=r, g0:=g0, passport_label:= passport_label,gen_vect_label:=gen_vect_label,full_auto:=full_auto, full_sign:=full_sign>);

// Here we add an action to data.
gen_vectors:=[[9, 7, 8, 3, 1, 2, 6, 4, 5, 18, 16, 17, 12, 10, 11, 15, 13, 14, 27, 25, 26, 21, 19, 20, 24, 22, 23], [20, 21, 19, 23, 24, 22, 26, 27, 25, 3, 1, 2, 6, 4, 5, 9, 7, 8, 12, 10, 11, 15, 13, 14, 18, 16, 17], [15, 13, 14, 18, 16, 17, 12, 10, 11, 24, 22, 23, 27, 25, 26, 21, 19, 20, 4, 5, 6, 7, 8, 9, 1, 2, 3]];
cc:=[7,13,20];
gen_vectors_as_perm:=[S!perm : perm in gen_vectors];
passport_label:=31;
gen_vect_label:=1;
full_auto:=[54,3];
full_sign:=[0,2,6,9];
Append(~data, rec<RecFormat | group:=G, gp_id:=gp_id, signature:=signature, gen_vectors:=gen_vectors_as_perm, conj_classes:=cc, genus:=genus, dimension:=dim, r:=r, g0:=g0, passport_label:= passport_label,gen_vect_label:=gen_vect_label,full_auto:=full_auto, full_sign:=full_sign>);

// Here we add an action to data.
gen_vectors:=[[9, 7, 8, 3, 1, 2, 6, 4, 5, 18, 16, 17, 12, 10, 11, 15, 13, 14, 27, 25, 26, 21, 19, 20, 24, 22, 23], [12, 10, 11, 15, 13, 14, 18, 16, 17, 21, 19, 20, 24, 22, 23, 27, 25, 26, 1, 2, 3, 4, 5, 6, 7, 8, 9], [23, 24, 22, 26, 27, 25, 20, 21, 19, 6, 4, 5, 9, 7, 8, 3, 1, 2, 15, 13, 14, 18, 16, 17, 12, 10, 11]];
cc:=[7,14,25];
gen_vectors_as_perm:=[S!perm : perm in gen_vectors];
passport_label:=32;
gen_vect_label:=1;
full_auto:=[54,3];
full_sign:=[0,2,6,9];
Append(~data, rec<RecFormat | group:=G, gp_id:=gp_id, signature:=signature, gen_vectors:=gen_vectors_as_perm, conj_classes:=cc, genus:=genus, dimension:=dim, r:=r, g0:=g0, passport_label:= passport_label,gen_vect_label:=gen_vect_label,full_auto:=full_auto, full_sign:=full_sign>);

// Here we add an action to data.
gen_vectors:=[[9, 7, 8, 3, 1, 2, 6, 4, 5, 18, 16, 17, 12, 10, 11, 15, 13, 14, 27, 25, 26, 21, 19, 20, 24, 22, 23], [21, 19, 20, 24, 22, 23, 27, 25, 26, 1, 2, 3, 4, 5, 6, 7, 8, 9, 10, 11, 12, 13, 14, 15, 16, 17, 18], [14, 15, 13, 17, 18, 16, 11, 12, 10, 23, 24, 22, 26, 27, 25, 20, 21, 19, 6, 4, 5, 9, 7, 8, 3, 1, 2]];
cc:=[7,15,18];
gen_vectors_as_perm:=[S!perm : perm in gen_vectors];
passport_label:=33;
gen_vect_label:=1;
full_auto:=[54,3];
full_sign:=[0,2,6,9];
Append(~data, rec<RecFormat | group:=G, gp_id:=gp_id, signature:=signature, gen_vectors:=gen_vectors_as_perm, conj_classes:=cc, genus:=genus, dimension:=dim, r:=r, g0:=g0, passport_label:= passport_label,gen_vect_label:=gen_vect_label,full_auto:=full_auto, full_sign:=full_sign>);

// Here we add an action to data.
gen_vectors:=[[9, 7, 8, 3, 1, 2, 6, 4, 5, 18, 16, 17, 12, 10, 11, 15, 13, 14, 27, 25, 26, 21, 19, 20, 24, 22, 23], [25, 26, 27, 19, 20, 21, 22, 23, 24, 8, 9, 7, 2, 3, 1, 5, 6, 4, 17, 18, 16, 11, 12, 10, 14, 15, 13], [16, 17, 18, 10, 11, 12, 13, 14, 15, 25, 26, 27, 19, 20, 21, 22, 23, 24, 8, 9, 7, 2, 3, 1, 5, 6, 4]];
cc:=[7,17,22];
gen_vectors_as_perm:=[S!perm : perm in gen_vectors];
passport_label:=34;
gen_vect_label:=1;
full_auto:=[54,3];
full_sign:=[0,2,6,9];
Append(~data, rec<RecFormat | group:=G, gp_id:=gp_id, signature:=signature, gen_vectors:=gen_vectors_as_perm, conj_classes:=cc, genus:=genus, dimension:=dim, r:=r, g0:=g0, passport_label:= passport_label,gen_vect_label:=gen_vect_label,full_auto:=full_auto, full_sign:=full_sign>);

// Here we add an action to data.
gen_vectors:=[[9, 7, 8, 3, 1, 2, 6, 4, 5, 18, 16, 17, 12, 10, 11, 15, 13, 14, 27, 25, 26, 21, 19, 20, 24, 22, 23], [26, 27, 25, 20, 21, 19, 23, 24, 22, 9, 7, 8, 3, 1, 2, 6, 4, 5, 18, 16, 17, 12, 10, 11, 15, 13, 14], [18, 16, 17, 12, 10, 11, 15, 13, 14, 27, 25, 26, 21, 19, 20, 24, 22, 23, 7, 8, 9, 1, 2, 3, 4, 5, 6]];
cc:=[7,19,26];
gen_vectors_as_perm:=[S!perm : perm in gen_vectors];
passport_label:=35;
gen_vect_label:=1;
full_auto:=[54,3];
full_sign:=[0,2,6,9];
Append(~data, rec<RecFormat | group:=G, gp_id:=gp_id, signature:=signature, gen_vectors:=gen_vectors_as_perm, conj_classes:=cc, genus:=genus, dimension:=dim, r:=r, g0:=g0, passport_label:= passport_label,gen_vect_label:=gen_vect_label,full_auto:=full_auto, full_sign:=full_sign>);

// Here we add an action to data.
gen_vectors:=[[9, 7, 8, 3, 1, 2, 6, 4, 5, 18, 16, 17, 12, 10, 11, 15, 13, 14, 27, 25, 26, 21, 19, 20, 24, 22, 23], [27, 25, 26, 21, 19, 20, 24, 22, 23, 7, 8, 9, 1, 2, 3, 4, 5, 6, 16, 17, 18, 10, 11, 12, 13, 14, 15], [17, 18, 16, 11, 12, 10, 14, 15, 13, 26, 27, 25, 20, 21, 19, 23, 24, 22, 9, 7, 8, 3, 1, 2, 6, 4, 5]];
cc:=[7,21,24];
gen_vectors_as_perm:=[S!perm : perm in gen_vectors];
passport_label:=36;
gen_vect_label:=1;
full_auto:=[54,3];
full_sign:=[0,2,6,9];
Append(~data, rec<RecFormat | group:=G, gp_id:=gp_id, signature:=signature, gen_vectors:=gen_vectors_as_perm, conj_classes:=cc, genus:=genus, dimension:=dim, r:=r, g0:=g0, passport_label:= passport_label,gen_vect_label:=gen_vect_label,full_auto:=full_auto, full_sign:=full_sign>);

// Here we add an action to data.
gen_vectors:=[[6, 4, 5, 9, 7, 8, 3, 1, 2, 15, 13, 14, 18, 16, 17, 12, 10, 11, 24, 22, 23, 27, 25, 26, 21, 19, 20], [10, 11, 12, 13, 14, 15, 16, 17, 18, 19, 20, 21, 22, 23, 24, 25, 26, 27, 2, 3, 1, 5, 6, 4, 8, 9, 7], [25, 26, 27, 19, 20, 21, 22, 23, 24, 8, 9, 7, 2, 3, 1, 5, 6, 4, 17, 18, 16, 11, 12, 10, 14, 15, 13]];
cc:=[8,10,17];
gen_vectors_as_perm:=[S!perm : perm in gen_vectors];
passport_label:=37;
gen_vect_label:=1;
full_auto:=[54,3];
full_sign:=[0,2,6,9];
Append(~data, rec<RecFormat | group:=G, gp_id:=gp_id, signature:=signature, gen_vectors:=gen_vectors_as_perm, conj_classes:=cc, genus:=genus, dimension:=dim, r:=r, g0:=g0, passport_label:= passport_label,gen_vect_label:=gen_vect_label,full_auto:=full_auto, full_sign:=full_sign>);

// Here we add an action to data.
gen_vectors:=[[6, 4, 5, 9, 7, 8, 3, 1, 2, 15, 13, 14, 18, 16, 17, 12, 10, 11, 24, 22, 23, 27, 25, 26, 21, 19, 20], [19, 20, 21, 22, 23, 24, 25, 26, 27, 2, 3, 1, 5, 6, 4, 8, 9, 7, 11, 12, 10, 14, 15, 13, 17, 18, 16], [16, 17, 18, 10, 11, 12, 13, 14, 15, 25, 26, 27, 19, 20, 21, 22, 23, 24, 8, 9, 7, 2, 3, 1, 5, 6, 4]];
cc:=[8,11,22];
gen_vectors_as_perm:=[S!perm : perm in gen_vectors];
passport_label:=38;
gen_vect_label:=1;
full_auto:=[54,3];
full_sign:=[0,2,6,9];
Append(~data, rec<RecFormat | group:=G, gp_id:=gp_id, signature:=signature, gen_vectors:=gen_vectors_as_perm, conj_classes:=cc, genus:=genus, dimension:=dim, r:=r, g0:=g0, passport_label:= passport_label,gen_vect_label:=gen_vect_label,full_auto:=full_auto, full_sign:=full_sign>);

// Here we add an action to data.
gen_vectors:=[[6, 4, 5, 9, 7, 8, 3, 1, 2, 15, 13, 14, 18, 16, 17, 12, 10, 11, 24, 22, 23, 27, 25, 26, 21, 19, 20], [11, 12, 10, 14, 15, 13, 17, 18, 16, 20, 21, 19, 23, 24, 22, 26, 27, 25, 3, 1, 2, 6, 4, 5, 9, 7, 8], [27, 25, 26, 21, 19, 20, 24, 22, 23, 7, 8, 9, 1, 2, 3, 4, 5, 6, 16, 17, 18, 10, 11, 12, 13, 14, 15]];
cc:=[8,12,21];
gen_vectors_as_perm:=[S!perm : perm in gen_vectors];
passport_label:=39;
gen_vect_label:=1;
full_auto:=[54,3];
full_sign:=[0,2,6,9];
