// Magma CODE FOR SEARCH RESULTS

// The results are stored in a list of records called 'data'

RecFormat:=recformat<group,gp_id, signature,gen_vectors,conj_classes,genus,dimension,r,g0, passport_label,gen_vect_label, is_hyperelliptic, hyp_involution, is_cyclic_trigonal,cyc_auto,full_auto, full_sign,topological_class,braid_class>;

data:=[];

// label = 8.20-2.0.5-20-20
// Create group as a permutation group and initialize signature information.
gp_id:=[20,2];
H:=SmallGroup(gp_id[1],gp_id[2]); n:=#H; LP:=[]; LG:=[g : g in H]; for i in [1..n] do x:=LG[i]; Tx:=[LG[j]*x : j in [1..n]]; permL:=[]; for j in [1..n] do for k in [1..n] do if Tx[j] eq LG[k] then permL[j]:=k;  break; end if; end for; end for; Append(~LP,permL); end for; G:=PermutationGroup<n|LP>; 
signature:=[0,5,20,20];
genus:=8;
r:=#signature-1;
g0:=signature[1];
dim:=3*g0-3+r;
S:=Sym(gp_id[1]);

// Here we add an action to data.
gen_vectors:=[[3, 4, 5, 6, 7, 8, 9, 10, 1, 2, 13, 14, 15, 16, 17, 18, 19, 20, 11, 12], [13, 14, 15, 16, 17, 18, 19, 20, 11, 12, 4, 3, 6, 5, 8, 7, 10, 9, 2, 1], [18, 17, 20, 19, 12, 11, 14, 13, 16, 15, 7, 8, 9, 10, 1, 2, 3, 4, 5, 6]];
cc:=[5,13,14];
gen_vectors_as_perm:=[S!perm : perm in gen_vectors];
passport_label:=1;
gen_vect_label:=1;
is_hyperelliptic:=false;
is_cyclic_trigonal:=false;
Append(~data, rec<RecFormat | group:=G, gp_id:=gp_id, signature:=signature, gen_vectors:=gen_vectors_as_perm, conj_classes:=cc, genus:=genus, dimension:=dim, r:=r, g0:=g0, passport_label:= passport_label,gen_vect_label:=gen_vect_label, is_hyperelliptic:=is_hyperelliptic,is_cyclic_trigonal:=is_cyclic_trigonal >);

// Here we add an action to data.
gen_vectors:=[[3, 4, 5, 6, 7, 8, 9, 10, 1, 2, 13, 14, 15, 16, 17, 18, 19, 20, 11, 12], [16, 15, 18, 17, 20, 19, 12, 11, 14, 13, 5, 6, 7, 8, 9, 10, 1, 2, 3, 4], [15, 16, 17, 18, 19, 20, 11, 12, 13, 14, 6, 5, 8, 7, 10, 9, 2, 1, 4, 3]];
cc:=[5,15,19];
gen_vectors_as_perm:=[S!perm : perm in gen_vectors];
passport_label:=2;
gen_vect_label:=1;
full_auto:=[40,10];
full_sign:=[0,2,10,20];
Append(~data, rec<RecFormat | group:=G, gp_id:=gp_id, signature:=signature, gen_vectors:=gen_vectors_as_perm, conj_classes:=cc, genus:=genus, dimension:=dim, r:=r, g0:=g0, passport_label:= passport_label,gen_vect_label:=gen_vect_label,full_auto:=full_auto, full_sign:=full_sign>);

// Here we add an action to data.
gen_vectors:=[[3, 4, 5, 6, 7, 8, 9, 10, 1, 2, 13, 14, 15, 16, 17, 18, 19, 20, 11, 12], [14, 13, 16, 15, 18, 17, 20, 19, 12, 11, 3, 4, 5, 6, 7, 8, 9, 10, 1, 2], [17, 18, 19, 20, 11, 12, 13, 14, 15, 16, 8, 7, 10, 9, 2, 1, 4, 3, 6, 5]];
cc:=[5,17,18];
gen_vectors_as_perm:=[S!perm : perm in gen_vectors];
passport_label:=3;
gen_vect_label:=1;
is_hyperelliptic:=false;
is_cyclic_trigonal:=false;
Append(~data, rec<RecFormat | group:=G, gp_id:=gp_id, signature:=signature, gen_vectors:=gen_vectors_as_perm, conj_classes:=cc, genus:=genus, dimension:=dim, r:=r, g0:=g0, passport_label:= passport_label,gen_vect_label:=gen_vect_label, is_hyperelliptic:=is_hyperelliptic,is_cyclic_trigonal:=is_cyclic_trigonal >);

// Here we add an action to data.
gen_vectors:=[[5, 6, 7, 8, 9, 10, 1, 2, 3, 4, 15, 16, 17, 18, 19, 20, 11, 12, 13, 14], [13, 14, 15, 16, 17, 18, 19, 20, 11, 12, 4, 3, 6, 5, 8, 7, 10, 9, 2, 1], [16, 15, 18, 17, 20, 19, 12, 11, 14, 13, 5, 6, 7, 8, 9, 10, 1, 2, 3, 4]];
cc:=[6,13,15];
gen_vectors_as_perm:=[S!perm : perm in gen_vectors];
passport_label:=4;
gen_vect_label:=1;
is_hyperelliptic:=false;
is_cyclic_trigonal:=false;
Append(~data, rec<RecFormat | group:=G, gp_id:=gp_id, signature:=signature, gen_vectors:=gen_vectors_as_perm, conj_classes:=cc, genus:=genus, dimension:=dim, r:=r, g0:=g0, passport_label:= passport_label,gen_vect_label:=gen_vect_label, is_hyperelliptic:=is_hyperelliptic,is_cyclic_trigonal:=is_cyclic_trigonal >);

// Here we add an action to data.
gen_vectors:=[[5, 6, 7, 8, 9, 10, 1, 2, 3, 4, 15, 16, 17, 18, 19, 20, 11, 12, 13, 14], [19, 20, 11, 12, 13, 14, 15, 16, 17, 18, 10, 9, 2, 1, 4, 3, 6, 5, 8, 7], [20, 19, 12, 11, 14, 13, 16, 15, 18, 17, 9, 10, 1, 2, 3, 4, 5, 6, 7, 8]];
cc:=[6,16,20];
gen_vectors_as_perm:=[S!perm : perm in gen_vectors];
passport_label:=5;
gen_vect_label:=1;
full_auto:=[40,10];
full_sign:=[0,2,10,20];
Append(~data, rec<RecFormat | group:=G, gp_id:=gp_id, signature:=signature, gen_vectors:=gen_vectors_as_perm, conj_classes:=cc, genus:=genus, dimension:=dim, r:=r, g0:=g0, passport_label:= passport_label,gen_vect_label:=gen_vect_label,full_auto:=full_auto, full_sign:=full_sign>);

// Here we add an action to data.
gen_vectors:=[[5, 6, 7, 8, 9, 10, 1, 2, 3, 4, 15, 16, 17, 18, 19, 20, 11, 12, 13, 14], [14, 13, 16, 15, 18, 17, 20, 19, 12, 11, 3, 4, 5, 6, 7, 8, 9, 10, 1, 2], [15, 16, 17, 18, 19, 20, 11, 12, 13, 14, 6, 5, 8, 7, 10, 9, 2, 1, 4, 3]];
cc:=[6,17,19];
gen_vectors_as_perm:=[S!perm : perm in gen_vectors];
passport_label:=6;
gen_vect_label:=1;
is_hyperelliptic:=false;
is_cyclic_trigonal:=false;
Append(~data, rec<RecFormat | group:=G, gp_id:=gp_id, signature:=signature, gen_vectors:=gen_vectors_as_perm, conj_classes:=cc, genus:=genus, dimension:=dim, r:=r, g0:=g0, passport_label:= passport_label,gen_vect_label:=gen_vect_label, is_hyperelliptic:=is_hyperelliptic,is_cyclic_trigonal:=is_cyclic_trigonal >);

// Here we add an action to data.
gen_vectors:=[[7, 8, 9, 10, 1, 2, 3, 4, 5, 6, 17, 18, 19, 20, 11, 12, 13, 14, 15, 16], [13, 14, 15, 16, 17, 18, 19, 20, 11, 12, 4, 3, 6, 5, 8, 7, 10, 9, 2, 1], [14, 13, 16, 15, 18, 17, 20, 19, 12, 11, 3, 4, 5, 6, 7, 8, 9, 10, 1, 2]];
cc:=[7,13,17];
gen_vectors_as_perm:=[S!perm : perm in gen_vectors];
passport_label:=7;
gen_vect_label:=1;
full_auto:=[40,10];
full_sign:=[0,2,10,20];
Append(~data, rec<RecFormat | group:=G, gp_id:=gp_id, signature:=signature, gen_vectors:=gen_vectors_as_perm, conj_classes:=cc, genus:=genus, dimension:=dim, r:=r, g0:=g0, passport_label:= passport_label,gen_vect_label:=gen_vect_label,full_auto:=full_auto, full_sign:=full_sign>);

// Here we add an action to data.
gen_vectors:=[[7, 8, 9, 10, 1, 2, 3, 4, 5, 6, 17, 18, 19, 20, 11, 12, 13, 14, 15, 16], [18, 17, 20, 19, 12, 11, 14, 13, 16, 15, 7, 8, 9, 10, 1, 2, 3, 4, 5, 6], [19, 20, 11, 12, 13, 14, 15, 16, 17, 18, 10, 9, 2, 1, 4, 3, 6, 5, 8, 7]];
cc:=[7,14,16];
gen_vectors_as_perm:=[S!perm : perm in gen_vectors];
passport_label:=8;
gen_vect_label:=1;
is_hyperelliptic:=false;
is_cyclic_trigonal:=false;
Append(~data, rec<RecFormat | group:=G, gp_id:=gp_id, signature:=signature, gen_vectors:=gen_vectors_as_perm, conj_classes:=cc, genus:=genus, dimension:=dim, r:=r, g0:=g0, passport_label:= passport_label,gen_vect_label:=gen_vect_label, is_hyperelliptic:=is_hyperelliptic,is_cyclic_trigonal:=is_cyclic_trigonal >);

// Here we add an action to data.
gen_vectors:=[[7, 8, 9, 10, 1, 2, 3, 4, 5, 6, 17, 18, 19, 20, 11, 12, 13, 14, 15, 16], [17, 18, 19, 20, 11, 12, 13, 14, 15, 16, 8, 7, 10, 9, 2, 1, 4, 3, 6, 5], [20, 19, 12, 11, 14, 13, 16, 15, 18, 17, 9, 10, 1, 2, 3, 4, 5, 6, 7, 8]];
cc:=[7,18,20];
gen_vectors_as_perm:=[S!perm : perm in gen_vectors];
passport_label:=9;
gen_vect_label:=1;
is_hyperelliptic:=false;
is_cyclic_trigonal:=false;
Append(~data, rec<RecFormat | group:=G, gp_id:=gp_id, signature:=signature, gen_vectors:=gen_vectors_as_perm, conj_classes:=cc, genus:=genus, dimension:=dim, r:=r, g0:=g0, passport_label:= passport_label,gen_vect_label:=gen_vect_label, is_hyperelliptic:=is_hyperelliptic,is_cyclic_trigonal:=is_cyclic_trigonal >);

// Here we add an action to data.
gen_vectors:=[[9, 10, 1, 2, 3, 4, 5, 6, 7, 8, 19, 20, 11, 12, 13, 14, 15, 16, 17, 18], [18, 17, 20, 19, 12, 11, 14, 13, 16, 15, 7, 8, 9, 10, 1, 2, 3, 4, 5, 6], [17, 18, 19, 20, 11, 12, 13, 14, 15, 16, 8, 7, 10, 9, 2, 1, 4, 3, 6, 5]];
cc:=[8,14,18];
gen_vectors_as_perm:=[S!perm : perm in gen_vectors];
passport_label:=10;
gen_vect_label:=1;
full_auto:=[40,10];
full_sign:=[0,2,10,20];
Append(~data, rec<RecFormat | group:=G, gp_id:=gp_id, signature:=signature, gen_vectors:=gen_vectors_as_perm, conj_classes:=cc, genus:=genus, dimension:=dim, r:=r, g0:=g0, passport_label:= passport_label,gen_vect_label:=gen_vect_label,full_auto:=full_auto, full_sign:=full_sign>);

// Here we add an action to data.
gen_vectors:=[[9, 10, 1, 2, 3, 4, 5, 6, 7, 8, 19, 20, 11, 12, 13, 14, 15, 16, 17, 18], [16, 15, 18, 17, 20, 19, 12, 11, 14, 13, 5, 6, 7, 8, 9, 10, 1, 2, 3, 4], [19, 20, 11, 12, 13, 14, 15, 16, 17, 18, 10, 9, 2, 1, 4, 3, 6, 5, 8, 7]];
cc:=[8,15,16];
gen_vectors_as_perm:=[S!perm : perm in gen_vectors];
passport_label:=11;
gen_vect_label:=1;
is_hyperelliptic:=false;
is_cyclic_trigonal:=false;
Append(~data, rec<RecFormat | group:=G, gp_id:=gp_id, signature:=signature, gen_vectors:=gen_vectors_as_perm, conj_classes:=cc, genus:=genus, dimension:=dim, r:=r, g0:=g0, passport_label:= passport_label,gen_vect_label:=gen_vect_label, is_hyperelliptic:=is_hyperelliptic,is_cyclic_trigonal:=is_cyclic_trigonal >);

// Here we add an action to data.
gen_vectors:=[[9, 10, 1, 2, 3, 4, 5, 6, 7, 8, 19, 20, 11, 12, 13, 14, 15, 16, 17, 18], [15, 16, 17, 18, 19, 20, 11, 12, 13, 14, 6, 5, 8, 7, 10, 9, 2, 1, 4, 3], [20, 19, 12, 11, 14, 13, 16, 15, 18, 17, 9, 10, 1, 2, 3, 4, 5, 6, 7, 8]];
cc:=[8,19,20];
gen_vectors_as_perm:=[S!perm : perm in gen_vectors];
passport_label:=12;
gen_vect_label:=1;
is_hyperelliptic:=false;
is_cyclic_trigonal:=false;
Append(~data, rec<RecFormat | group:=G, gp_id:=gp_id, signature:=signature, gen_vectors:=gen_vectors_as_perm, conj_classes:=cc, genus:=genus, dimension:=dim, r:=r, g0:=g0, passport_label:= passport_label,gen_vect_label:=gen_vect_label, is_hyperelliptic:=is_hyperelliptic,is_cyclic_trigonal:=is_cyclic_trigonal >);

// label = 8.48-17.0.2-8-12
// Create group as a permutation group and initialize signature information.
gp_id:=[48,17];
H:=SmallGroup(gp_id[1],gp_id[2]); n:=#H; LP:=[]; LG:=[g : g in H]; for i in [1..n] do x:=LG[i]; Tx:=[LG[j]*x : j in [1..n]]; permL:=[]; for j in [1..n] do for k in [1..n] do if Tx[j] eq LG[k] then permL[j]:=k;  break; end if; end for; end for; Append(~LP,permL); end for; G:=PermutationGroup<n|LP>; 
signature:=[0,2,8,12];
genus:=8;
r:=#signature-1;
g0:=signature[1];
dim:=3*g0-3+r;
S:=Sym(gp_id[1]);

// Here we add an action to data.
gen_vectors:=[[25, 27, 26, 28, 30, 29, 34, 36, 35, 31, 33, 32, 43, 45, 44, 46, 48, 47, 37, 39, 38, 40, 42, 41, 1, 3, 2, 4, 6, 5, 10, 12, 11, 7, 9, 8, 19, 21, 20, 22, 24, 23, 13, 15, 14, 16, 18, 17], [39, 38, 37, 42, 41, 40, 45, 44, 43, 48, 47, 46, 33, 32, 31, 36, 35, 34, 30, 29, 28, 27, 26, 25, 15, 14, 13, 18, 17, 16, 21, 20, 19, 24, 23, 22, 9, 8, 7, 12, 11, 10, 6, 5, 4, 3, 2, 1], [17, 18, 16, 14, 15, 13, 20, 21, 19, 23, 24, 22, 2, 3, 1, 5, 6, 4, 11, 12, 10, 8, 9, 7, 41, 42, 40, 38, 39, 37, 44, 45, 43, 47, 48, 46, 26, 27, 25, 29, 30, 28, 35, 36, 34, 32, 33, 31]];
cc:=[3,8,11];
gen_vectors_as_perm:=[S!perm : perm in gen_vectors];
passport_label:=1;
gen_vect_label:=1;
is_hyperelliptic:=false;
is_cyclic_trigonal:=false;
Append(~data, rec<RecFormat | group:=G, gp_id:=gp_id, signature:=signature, gen_vectors:=gen_vectors_as_perm, conj_classes:=cc, genus:=genus, dimension:=dim, r:=r, g0:=g0, passport_label:= passport_label,gen_vect_label:=gen_vect_label, is_hyperelliptic:=is_hyperelliptic,is_cyclic_trigonal:=is_cyclic_trigonal >);

// Here we add an action to data.
gen_vectors:=[[25, 27, 26, 28, 30, 29, 34, 36, 35, 31, 33, 32, 43, 45, 44, 46, 48, 47, 37, 39, 38, 40, 42, 41, 1, 3, 2, 4, 6, 5, 10, 12, 11, 7, 9, 8, 19, 21, 20, 22, 24, 23, 13, 15, 14, 16, 18, 17], [38, 37, 39, 41, 40, 42, 44, 43, 45, 47, 46, 48, 32, 31, 33, 35, 34, 36, 29, 28, 30, 26, 25, 27, 14, 13, 15, 17, 16, 18, 20, 19, 21, 23, 22, 24, 8, 7, 9, 11, 10, 12, 5, 4, 6, 2, 1, 3], [18, 16, 17, 15, 13, 14, 21, 19, 20, 24, 22, 23, 3, 1, 2, 6, 4, 5, 12, 10, 11, 9, 7, 8, 42, 40, 41, 39, 37, 38, 45, 43, 44, 48, 46, 47, 27, 25, 26, 30, 28, 29, 36, 34, 35, 33, 31, 32]];
cc:=[3,8,12];
gen_vectors_as_perm:=[S!perm : perm in gen_vectors];
passport_label:=2;
gen_vect_label:=1;
is_hyperelliptic:=false;
is_cyclic_trigonal:=false;
Append(~data, rec<RecFormat | group:=G, gp_id:=gp_id, signature:=signature, gen_vectors:=gen_vectors_as_perm, conj_classes:=cc, genus:=genus, dimension:=dim, r:=r, g0:=g0, passport_label:= passport_label,gen_vect_label:=gen_vect_label, is_hyperelliptic:=is_hyperelliptic,is_cyclic_trigonal:=is_cyclic_trigonal >);

// Here we add an action to data.
gen_vectors:=[[25, 27, 26, 28, 30, 29, 34, 36, 35, 31, 33, 32, 43, 45, 44, 46, 48, 47, 37, 39, 38, 40, 42, 41, 1, 3, 2, 4, 6, 5, 10, 12, 11, 7, 9, 8, 19, 21, 20, 22, 24, 23, 13, 15, 14, 16, 18, 17], [42, 41, 40, 39, 38, 37, 48, 47, 46, 45, 44, 43, 36, 35, 34, 33, 32, 31, 27, 26, 25, 30, 29, 28, 18, 17, 16, 15, 14, 13, 24, 23, 22, 21, 20, 19, 12, 11, 10, 9, 8, 7, 3, 2, 1, 6, 5, 4], [14, 15, 13, 17, 18, 16, 23, 24, 22, 20, 21, 19, 5, 6, 4, 2, 3, 1, 8, 9, 7, 11, 12, 10, 38, 39, 37, 41, 42, 40, 47, 48, 46, 44, 45, 43, 29, 30, 28, 26, 27, 25, 32, 33, 31, 35, 36, 34]];
cc:=[3,9,11];
gen_vectors_as_perm:=[S!perm : perm in gen_vectors];
passport_label:=3;
gen_vect_label:=1;
is_hyperelliptic:=false;
is_cyclic_trigonal:=false;
Append(~data, rec<RecFormat | group:=G, gp_id:=gp_id, signature:=signature, gen_vectors:=gen_vectors_as_perm, conj_classes:=cc, genus:=genus, dimension:=dim, r:=r, g0:=g0, passport_label:= passport_label,gen_vect_label:=gen_vect_label, is_hyperelliptic:=is_hyperelliptic,is_cyclic_trigonal:=is_cyclic_trigonal >);

// Here we add an action to data.
gen_vectors:=[[25, 27, 26, 28, 30, 29, 34, 36, 35, 31, 33, 32, 43, 45, 44, 46, 48, 47, 37, 39, 38, 40, 42, 41, 1, 3, 2, 4, 6, 5, 10, 12, 11, 7, 9, 8, 19, 21, 20, 22, 24, 23, 13, 15, 14, 16, 18, 17], [41, 40, 42, 38, 37, 39, 47, 46, 48, 44, 43, 45, 35, 34, 36, 32, 31, 33, 26, 25, 27, 29, 28, 30, 17, 16, 18, 14, 13, 15, 23, 22, 24, 20, 19, 21, 11, 10, 12, 8, 7, 9, 2, 1, 3, 5, 4, 6], [15, 13, 14, 18, 16, 17, 24, 22, 23, 21, 19, 20, 6, 4, 5, 3, 1, 2, 9, 7, 8, 12, 10, 11, 39, 37, 38, 42, 40, 41, 48, 46, 47, 45, 43, 44, 30, 28, 29, 27, 25, 26, 33, 31, 32, 36, 34, 35]];
cc:=[3,9,12];
gen_vectors_as_perm:=[S!perm : perm in gen_vectors];
passport_label:=4;
gen_vect_label:=1;
is_hyperelliptic:=false;
is_cyclic_trigonal:=false;
Append(~data, rec<RecFormat | group:=G, gp_id:=gp_id, signature:=signature, gen_vectors:=gen_vectors_as_perm, conj_classes:=cc, genus:=genus, dimension:=dim, r:=r, g0:=g0, passport_label:= passport_label,gen_vect_label:=gen_vect_label, is_hyperelliptic:=is_hyperelliptic,is_cyclic_trigonal:=is_cyclic_trigonal >);

// label = 8.34-2.0.2-17-34
// Create group as a permutation group and initialize signature information.
gp_id:=[34,2];
H:=SmallGroup(gp_id[1],gp_id[2]); n:=#H; LP:=[]; LG:=[g : g in H]; for i in [1..n] do x:=LG[i]; Tx:=[LG[j]*x : j in [1..n]]; permL:=[]; for j in [1..n] do for k in [1..n] do if Tx[j] eq LG[k] then permL[j]:=k;  break; end if; end for; end for; Append(~LP,permL); end for; G:=PermutationGroup<n|LP>; 
signature:=[0,2,17,34];
genus:=8;
r:=#signature-1;
g0:=signature[1];
dim:=3*g0-3+r;
S:=Sym(gp_id[1]);

// Here we add an action to data.
gen_vectors:=[[18, 19, 20, 21, 22, 23, 24, 25, 26, 27, 28, 29, 30, 31, 32, 33, 34, 1, 2, 3, 4, 5, 6, 7, 8, 9, 10, 11, 12, 13, 14, 15, 16, 17], [2, 3, 4, 5, 6, 7, 8, 9, 10, 11, 12, 13, 14, 15, 16, 17, 1, 19, 20, 21, 22, 23, 24, 25, 26, 27, 28, 29, 30, 31, 32, 33, 34, 18], [34, 18, 19, 20, 21, 22, 23, 24, 25, 26, 27, 28, 29, 30, 31, 32, 33, 17, 1, 2, 3, 4, 5, 6, 7, 8, 9, 10, 11, 12, 13, 14, 15, 16]];
cc:=[2,3,34];
gen_vectors_as_perm:=[S!perm : perm in gen_vectors];
passport_label:=1;
gen_vect_label:=1;
is_hyperelliptic:=true;
hyp_involution:=S![18, 19, 20, 21, 22, 23, 24, 25, 26, 27, 28, 29, 30, 31, 32, 33, 34, 1, 2, 3, 4, 5, 6, 7, 8, 9, 10, 11, 12, 13, 14, 15, 16, 17];
is_cyclic_trigonal:=false;
Append(~data, rec<RecFormat | group:=G, gp_id:=gp_id, signature:=signature, gen_vectors:=gen_vectors_as_perm, conj_classes:=cc, genus:=genus, dimension:=dim, r:=r, g0:=g0, passport_label:= passport_label,gen_vect_label:=gen_vect_label, is_hyperelliptic:=is_hyperelliptic, hyp_involution:=hyp_involution,is_cyclic_trigonal:=is_cyclic_trigonal >);

// Here we add an action to data.
gen_vectors:=[[18, 19, 20, 21, 22, 23, 24, 25, 26, 27, 28, 29, 30, 31, 32, 33, 34, 1, 2, 3, 4, 5, 6, 7, 8, 9, 10, 11, 12, 13, 14, 15, 16, 17], [3, 4, 5, 6, 7, 8, 9, 10, 11, 12, 13, 14, 15, 16, 17, 1, 2, 20, 21, 22, 23, 24, 25, 26, 27, 28, 29, 30, 31, 32, 33, 34, 18, 19], [33, 34, 18, 19, 20, 21, 22, 23, 24, 25, 26, 27, 28, 29, 30, 31, 32, 16, 17, 1, 2, 3, 4, 5, 6, 7, 8, 9, 10, 11, 12, 13, 14, 15]];
cc:=[2,4,26];
gen_vectors_as_perm:=[S!perm : perm in gen_vectors];
passport_label:=2;
gen_vect_label:=1;
is_hyperelliptic:=true;
hyp_involution:=S![18, 19, 20, 21, 22, 23, 24, 25, 26, 27, 28, 29, 30, 31, 32, 33, 34, 1, 2, 3, 4, 5, 6, 7, 8, 9, 10, 11, 12, 13, 14, 15, 16, 17];
is_cyclic_trigonal:=false;
Append(~data, rec<RecFormat | group:=G, gp_id:=gp_id, signature:=signature, gen_vectors:=gen_vectors_as_perm, conj_classes:=cc, genus:=genus, dimension:=dim, r:=r, g0:=g0, passport_label:= passport_label,gen_vect_label:=gen_vect_label, is_hyperelliptic:=is_hyperelliptic, hyp_involution:=hyp_involution,is_cyclic_trigonal:=is_cyclic_trigonal >);

// Here we add an action to data.
gen_vectors:=[[18, 19, 20, 21, 22, 23, 24, 25, 26, 27, 28, 29, 30, 31, 32, 33, 34, 1, 2, 3, 4, 5, 6, 7, 8, 9, 10, 11, 12, 13, 14, 15, 16, 17], [4, 5, 6, 7, 8, 9, 10, 11, 12, 13, 14, 15, 16, 17, 1, 2, 3, 21, 22, 23, 24, 25, 26, 27, 28, 29, 30, 31, 32, 33, 34, 18, 19, 20], [32, 33, 34, 18, 19, 20, 21, 22, 23, 24, 25, 26, 27, 28, 29, 30, 31, 15, 16, 17, 1, 2, 3, 4, 5, 6, 7, 8, 9, 10, 11, 12, 13, 14]];
cc:=[2,5,33];
gen_vectors_as_perm:=[S!perm : perm in gen_vectors];
passport_label:=3;
gen_vect_label:=1;
is_hyperelliptic:=true;
hyp_involution:=S![18, 19, 20, 21, 22, 23, 24, 25, 26, 27, 28, 29, 30, 31, 32, 33, 34, 1, 2, 3, 4, 5, 6, 7, 8, 9, 10, 11, 12, 13, 14, 15, 16, 17];
is_cyclic_trigonal:=false;
Append(~data, rec<RecFormat | group:=G, gp_id:=gp_id, signature:=signature, gen_vectors:=gen_vectors_as_perm, conj_classes:=cc, genus:=genus, dimension:=dim, r:=r, g0:=g0, passport_label:= passport_label,gen_vect_label:=gen_vect_label, is_hyperelliptic:=is_hyperelliptic, hyp_involution:=hyp_involution,is_cyclic_trigonal:=is_cyclic_trigonal >);

// Here we add an action to data.
gen_vectors:=[[18, 19, 20, 21, 22, 23, 24, 25, 26, 27, 28, 29, 30, 31, 32, 33, 34, 1, 2, 3, 4, 5, 6, 7, 8, 9, 10, 11, 12, 13, 14, 15, 16, 17], [5, 6, 7, 8, 9, 10, 11, 12, 13, 14, 15, 16, 17, 1, 2, 3, 4, 22, 23, 24, 25, 26, 27, 28, 29, 30, 31, 32, 33, 34, 18, 19, 20, 21], [31, 32, 33, 34, 18, 19, 20, 21, 22, 23, 24, 25, 26, 27, 28, 29, 30, 14, 15, 16, 17, 1, 2, 3, 4, 5, 6, 7, 8, 9, 10, 11, 12, 13]];
cc:=[2,6,25];
gen_vectors_as_perm:=[S!perm : perm in gen_vectors];
passport_label:=4;
gen_vect_label:=1;
is_hyperelliptic:=true;
hyp_involution:=S![18, 19, 20, 21, 22, 23, 24, 25, 26, 27, 28, 29, 30, 31, 32, 33, 34, 1, 2, 3, 4, 5, 6, 7, 8, 9, 10, 11, 12, 13, 14, 15, 16, 17];
is_cyclic_trigonal:=false;
Append(~data, rec<RecFormat | group:=G, gp_id:=gp_id, signature:=signature, gen_vectors:=gen_vectors_as_perm, conj_classes:=cc, genus:=genus, dimension:=dim, r:=r, g0:=g0, passport_label:= passport_label,gen_vect_label:=gen_vect_label, is_hyperelliptic:=is_hyperelliptic, hyp_involution:=hyp_involution,is_cyclic_trigonal:=is_cyclic_trigonal >);

// Here we add an action to data.
gen_vectors:=[[18, 19, 20, 21, 22, 23, 24, 25, 26, 27, 28, 29, 30, 31, 32, 33, 34, 1, 2, 3, 4, 5, 6, 7, 8, 9, 10, 11, 12, 13, 14, 15, 16, 17], [6, 7, 8, 9, 10, 11, 12, 13, 14, 15, 16, 17, 1, 2, 3, 4, 5, 23, 24, 25, 26, 27, 28, 29, 30, 31, 32, 33, 34, 18, 19, 20, 21, 22], [30, 31, 32, 33, 34, 18, 19, 20, 21, 22, 23, 24, 25, 26, 27, 28, 29, 13, 14, 15, 16, 17, 1, 2, 3, 4, 5, 6, 7, 8, 9, 10, 11, 12]];
cc:=[2,7,32];
gen_vectors_as_perm:=[S!perm : perm in gen_vectors];
passport_label:=5;
gen_vect_label:=1;
is_hyperelliptic:=true;
hyp_involution:=S![18, 19, 20, 21, 22, 23, 24, 25, 26, 27, 28, 29, 30, 31, 32, 33, 34, 1, 2, 3, 4, 5, 6, 7, 8, 9, 10, 11, 12, 13, 14, 15, 16, 17];
is_cyclic_trigonal:=false;
Append(~data, rec<RecFormat | group:=G, gp_id:=gp_id, signature:=signature, gen_vectors:=gen_vectors_as_perm, conj_classes:=cc, genus:=genus, dimension:=dim, r:=r, g0:=g0, passport_label:= passport_label,gen_vect_label:=gen_vect_label, is_hyperelliptic:=is_hyperelliptic, hyp_involution:=hyp_involution,is_cyclic_trigonal:=is_cyclic_trigonal >);

// Here we add an action to data.
gen_vectors:=[[18, 19, 20, 21, 22, 23, 24, 25, 26, 27, 28, 29, 30, 31, 32, 33, 34, 1, 2, 3, 4, 5, 6, 7, 8, 9, 10, 11, 12, 13, 14, 15, 16, 17], [7, 8, 9, 10, 11, 12, 13, 14, 15, 16, 17, 1, 2, 3, 4, 5, 6, 24, 25, 26, 27, 28, 29, 30, 31, 32, 33, 34, 18, 19, 20, 21, 22, 23], [29, 30, 31, 32, 33, 34, 18, 19, 20, 21, 22, 23, 24, 25, 26, 27, 28, 12, 13, 14, 15, 16, 17, 1, 2, 3, 4, 5, 6, 7, 8, 9, 10, 11]];
cc:=[2,8,24];
gen_vectors_as_perm:=[S!perm : perm in gen_vectors];
passport_label:=6;
gen_vect_label:=1;
is_hyperelliptic:=true;
hyp_involution:=S![18, 19, 20, 21, 22, 23, 24, 25, 26, 27, 28, 29, 30, 31, 32, 33, 34, 1, 2, 3, 4, 5, 6, 7, 8, 9, 10, 11, 12, 13, 14, 15, 16, 17];
is_cyclic_trigonal:=false;
Append(~data, rec<RecFormat | group:=G, gp_id:=gp_id, signature:=signature, gen_vectors:=gen_vectors_as_perm, conj_classes:=cc, genus:=genus, dimension:=dim, r:=r, g0:=g0, passport_label:= passport_label,gen_vect_label:=gen_vect_label, is_hyperelliptic:=is_hyperelliptic, hyp_involution:=hyp_involution,is_cyclic_trigonal:=is_cyclic_trigonal >);

// Here we add an action to data.
gen_vectors:=[[18, 19, 20, 21, 22, 23, 24, 25, 26, 27, 28, 29, 30, 31, 32, 33, 34, 1, 2, 3, 4, 5, 6, 7, 8, 9, 10, 11, 12, 13, 14, 15, 16, 17], [8, 9, 10, 11, 12, 13, 14, 15, 16, 17, 1, 2, 3, 4, 5, 6, 7, 25, 26, 27, 28, 29, 30, 31, 32, 33, 34, 18, 19, 20, 21, 22, 23, 24], [28, 29, 30, 31, 32, 33, 34, 18, 19, 20, 21, 22, 23, 24, 25, 26, 27, 11, 12, 13, 14, 15, 16, 17, 1, 2, 3, 4, 5, 6, 7, 8, 9, 10]];
cc:=[2,9,31];
gen_vectors_as_perm:=[S!perm : perm in gen_vectors];
passport_label:=7;
gen_vect_label:=1;
is_hyperelliptic:=true;
hyp_involution:=S![18, 19, 20, 21, 22, 23, 24, 25, 26, 27, 28, 29, 30, 31, 32, 33, 34, 1, 2, 3, 4, 5, 6, 7, 8, 9, 10, 11, 12, 13, 14, 15, 16, 17];
is_cyclic_trigonal:=false;
Append(~data, rec<RecFormat | group:=G, gp_id:=gp_id, signature:=signature, gen_vectors:=gen_vectors_as_perm, conj_classes:=cc, genus:=genus, dimension:=dim, r:=r, g0:=g0, passport_label:= passport_label,gen_vect_label:=gen_vect_label, is_hyperelliptic:=is_hyperelliptic, hyp_involution:=hyp_involution,is_cyclic_trigonal:=is_cyclic_trigonal >);

// Here we add an action to data.
gen_vectors:=[[18, 19, 20, 21, 22, 23, 24, 25, 26, 27, 28, 29, 30, 31, 32, 33, 34, 1, 2, 3, 4, 5, 6, 7, 8, 9, 10, 11, 12, 13, 14, 15, 16, 17], [9, 10, 11, 12, 13, 14, 15, 16, 17, 1, 2, 3, 4, 5, 6, 7, 8, 26, 27, 28, 29, 30, 31, 32, 33, 34, 18, 19, 20, 21, 22, 23, 24, 25], [27, 28, 29, 30, 31, 32, 33, 34, 18, 19, 20, 21, 22, 23, 24, 25, 26, 10, 11, 12, 13, 14, 15, 16, 17, 1, 2, 3, 4, 5, 6, 7, 8, 9]];
cc:=[2,10,23];
gen_vectors_as_perm:=[S!perm : perm in gen_vectors];
passport_label:=8;
gen_vect_label:=1;
is_hyperelliptic:=true;
hyp_involution:=S![18, 19, 20, 21, 22, 23, 24, 25, 26, 27, 28, 29, 30, 31, 32, 33, 34, 1, 2, 3, 4, 5, 6, 7, 8, 9, 10, 11, 12, 13, 14, 15, 16, 17];
is_cyclic_trigonal:=false;
Append(~data, rec<RecFormat | group:=G, gp_id:=gp_id, signature:=signature, gen_vectors:=gen_vectors_as_perm, conj_classes:=cc, genus:=genus, dimension:=dim, r:=r, g0:=g0, passport_label:= passport_label,gen_vect_label:=gen_vect_label, is_hyperelliptic:=is_hyperelliptic, hyp_involution:=hyp_involution,is_cyclic_trigonal:=is_cyclic_trigonal >);

// Here we add an action to data.
gen_vectors:=[[18, 19, 20, 21, 22, 23, 24, 25, 26, 27, 28, 29, 30, 31, 32, 33, 34, 1, 2, 3, 4, 5, 6, 7, 8, 9, 10, 11, 12, 13, 14, 15, 16, 17], [10, 11, 12, 13, 14, 15, 16, 17, 1, 2, 3, 4, 5, 6, 7, 8, 9, 27, 28, 29, 30, 31, 32, 33, 34, 18, 19, 20, 21, 22, 23, 24, 25, 26], [26, 27, 28, 29, 30, 31, 32, 33, 34, 18, 19, 20, 21, 22, 23, 24, 25, 9, 10, 11, 12, 13, 14, 15, 16, 17, 1, 2, 3, 4, 5, 6, 7, 8]];
cc:=[2,11,30];
gen_vectors_as_perm:=[S!perm : perm in gen_vectors];
passport_label:=9;
gen_vect_label:=1;
is_hyperelliptic:=true;
hyp_involution:=S![18, 19, 20, 21, 22, 23, 24, 25, 26, 27, 28, 29, 30, 31, 32, 33, 34, 1, 2, 3, 4, 5, 6, 7, 8, 9, 10, 11, 12, 13, 14, 15, 16, 17];
is_cyclic_trigonal:=false;
Append(~data, rec<RecFormat | group:=G, gp_id:=gp_id, signature:=signature, gen_vectors:=gen_vectors_as_perm, conj_classes:=cc, genus:=genus, dimension:=dim, r:=r, g0:=g0, passport_label:= passport_label,gen_vect_label:=gen_vect_label, is_hyperelliptic:=is_hyperelliptic, hyp_involution:=hyp_involution,is_cyclic_trigonal:=is_cyclic_trigonal >);

// Here we add an action to data.
gen_vectors:=[[18, 19, 20, 21, 22, 23, 24, 25, 26, 27, 28, 29, 30, 31, 32, 33, 34, 1, 2, 3, 4, 5, 6, 7, 8, 9, 10, 11, 12, 13, 14, 15, 16, 17], [11, 12, 13, 14, 15, 16, 17, 1, 2, 3, 4, 5, 6, 7, 8, 9, 10, 28, 29, 30, 31, 32, 33, 34, 18, 19, 20, 21, 22, 23, 24, 25, 26, 27], [25, 26, 27, 28, 29, 30, 31, 32, 33, 34, 18, 19, 20, 21, 22, 23, 24, 8, 9, 10, 11, 12, 13, 14, 15, 16, 17, 1, 2, 3, 4, 5, 6, 7]];
cc:=[2,12,22];
gen_vectors_as_perm:=[S!perm : perm in gen_vectors];
passport_label:=10;
gen_vect_label:=1;
is_hyperelliptic:=true;
hyp_involution:=S![18, 19, 20, 21, 22, 23, 24, 25, 26, 27, 28, 29, 30, 31, 32, 33, 34, 1, 2, 3, 4, 5, 6, 7, 8, 9, 10, 11, 12, 13, 14, 15, 16, 17];
is_cyclic_trigonal:=false;
Append(~data, rec<RecFormat | group:=G, gp_id:=gp_id, signature:=signature, gen_vectors:=gen_vectors_as_perm, conj_classes:=cc, genus:=genus, dimension:=dim, r:=r, g0:=g0, passport_label:= passport_label,gen_vect_label:=gen_vect_label, is_hyperelliptic:=is_hyperelliptic, hyp_involution:=hyp_involution,is_cyclic_trigonal:=is_cyclic_trigonal >);

// Here we add an action to data.
gen_vectors:=[[18, 19, 20, 21, 22, 23, 24, 25, 26, 27, 28, 29, 30, 31, 32, 33, 34, 1, 2, 3, 4, 5, 6, 7, 8, 9, 10, 11, 12, 13, 14, 15, 16, 17], [12, 13, 14, 15, 16, 17, 1, 2, 3, 4, 5, 6, 7, 8, 9, 10, 11, 29, 30, 31, 32, 33, 34, 18, 19, 20, 21, 22, 23, 24, 25, 26, 27, 28], [24, 25, 26, 27, 28, 29, 30, 31, 32, 33, 34, 18, 19, 20, 21, 22, 23, 7, 8, 9, 10, 11, 12, 13, 14, 15, 16, 17, 1, 2, 3, 4, 5, 6]];
cc:=[2,13,29];
gen_vectors_as_perm:=[S!perm : perm in gen_vectors];
passport_label:=11;
gen_vect_label:=1;
is_hyperelliptic:=true;
hyp_involution:=S![18, 19, 20, 21, 22, 23, 24, 25, 26, 27, 28, 29, 30, 31, 32, 33, 34, 1, 2, 3, 4, 5, 6, 7, 8, 9, 10, 11, 12, 13, 14, 15, 16, 17];
is_cyclic_trigonal:=false;
Append(~data, rec<RecFormat | group:=G, gp_id:=gp_id, signature:=signature, gen_vectors:=gen_vectors_as_perm, conj_classes:=cc, genus:=genus, dimension:=dim, r:=r, g0:=g0, passport_label:= passport_label,gen_vect_label:=gen_vect_label, is_hyperelliptic:=is_hyperelliptic, hyp_involution:=hyp_involution,is_cyclic_trigonal:=is_cyclic_trigonal >);

// Here we add an action to data.
gen_vectors:=[[18, 19, 20, 21, 22, 23, 24, 25, 26, 27, 28, 29, 30, 31, 32, 33, 34, 1, 2, 3, 4, 5, 6, 7, 8, 9, 10, 11, 12, 13, 14, 15, 16, 17], [13, 14, 15, 16, 17, 1, 2, 3, 4, 5, 6, 7, 8, 9, 10, 11, 12, 30, 31, 32, 33, 34, 18, 19, 20, 21, 22, 23, 24, 25, 26, 27, 28, 29], [23, 24, 25, 26, 27, 28, 29, 30, 31, 32, 33, 34, 18, 19, 20, 21, 22, 6, 7, 8, 9, 10, 11, 12, 13, 14, 15, 16, 17, 1, 2, 3, 4, 5]];
cc:=[2,14,21];
gen_vectors_as_perm:=[S!perm : perm in gen_vectors];
passport_label:=12;
gen_vect_label:=1;
is_hyperelliptic:=true;
hyp_involution:=S![18, 19, 20, 21, 22, 23, 24, 25, 26, 27, 28, 29, 30, 31, 32, 33, 34, 1, 2, 3, 4, 5, 6, 7, 8, 9, 10, 11, 12, 13, 14, 15, 16, 17];
is_cyclic_trigonal:=false;
Append(~data, rec<RecFormat | group:=G, gp_id:=gp_id, signature:=signature, gen_vectors:=gen_vectors_as_perm, conj_classes:=cc, genus:=genus, dimension:=dim, r:=r, g0:=g0, passport_label:= passport_label,gen_vect_label:=gen_vect_label, is_hyperelliptic:=is_hyperelliptic, hyp_involution:=hyp_involution,is_cyclic_trigonal:=is_cyclic_trigonal >);

// Here we add an action to data.
gen_vectors:=[[18, 19, 20, 21, 22, 23, 24, 25, 26, 27, 28, 29, 30, 31, 32, 33, 34, 1, 2, 3, 4, 5, 6, 7, 8, 9, 10, 11, 12, 13, 14, 15, 16, 17], [14, 15, 16, 17, 1, 2, 3, 4, 5, 6, 7, 8, 9, 10, 11, 12, 13, 31, 32, 33, 34, 18, 19, 20, 21, 22, 23, 24, 25, 26, 27, 28, 29, 30], [22, 23, 24, 25, 26, 27, 28, 29, 30, 31, 32, 33, 34, 18, 19, 20, 21, 5, 6, 7, 8, 9, 10, 11, 12, 13, 14, 15, 16, 17, 1, 2, 3, 4]];
cc:=[2,15,28];
gen_vectors_as_perm:=[S!perm : perm in gen_vectors];
passport_label:=13;
gen_vect_label:=1;
is_hyperelliptic:=true;
hyp_involution:=S![18, 19, 20, 21, 22, 23, 24, 25, 26, 27, 28, 29, 30, 31, 32, 33, 34, 1, 2, 3, 4, 5, 6, 7, 8, 9, 10, 11, 12, 13, 14, 15, 16, 17];
is_cyclic_trigonal:=false;
Append(~data, rec<RecFormat | group:=G, gp_id:=gp_id, signature:=signature, gen_vectors:=gen_vectors_as_perm, conj_classes:=cc, genus:=genus, dimension:=dim, r:=r, g0:=g0, passport_label:= passport_label,gen_vect_label:=gen_vect_label, is_hyperelliptic:=is_hyperelliptic, hyp_involution:=hyp_involution,is_cyclic_trigonal:=is_cyclic_trigonal >);

// Here we add an action to data.
gen_vectors:=[[18, 19, 20, 21, 22, 23, 24, 25, 26, 27, 28, 29, 30, 31, 32, 33, 34, 1, 2, 3, 4, 5, 6, 7, 8, 9, 10, 11, 12, 13, 14, 15, 16, 17], [15, 16, 17, 1, 2, 3, 4, 5, 6, 7, 8, 9, 10, 11, 12, 13, 14, 32, 33, 34, 18, 19, 20, 21, 22, 23, 24, 25, 26, 27, 28, 29, 30, 31], [21, 22, 23, 24, 25, 26, 27, 28, 29, 30, 31, 32, 33, 34, 18, 19, 20, 4, 5, 6, 7, 8, 9, 10, 11, 12, 13, 14, 15, 16, 17, 1, 2, 3]];
cc:=[2,16,20];
gen_vectors_as_perm:=[S!perm : perm in gen_vectors];
passport_label:=14;
gen_vect_label:=1;
is_hyperelliptic:=true;
hyp_involution:=S![18, 19, 20, 21, 22, 23, 24, 25, 26, 27, 28, 29, 30, 31, 32, 33, 34, 1, 2, 3, 4, 5, 6, 7, 8, 9, 10, 11, 12, 13, 14, 15, 16, 17];
is_cyclic_trigonal:=false;
Append(~data, rec<RecFormat | group:=G, gp_id:=gp_id, signature:=signature, gen_vectors:=gen_vectors_as_perm, conj_classes:=cc, genus:=genus, dimension:=dim, r:=r, g0:=g0, passport_label:= passport_label,gen_vect_label:=gen_vect_label, is_hyperelliptic:=is_hyperelliptic, hyp_involution:=hyp_involution,is_cyclic_trigonal:=is_cyclic_trigonal >);

// Here we add an action to data.
gen_vectors:=[[18, 19, 20, 21, 22, 23, 24, 25, 26, 27, 28, 29, 30, 31, 32, 33, 34, 1, 2, 3, 4, 5, 6, 7, 8, 9, 10, 11, 12, 13, 14, 15, 16, 17], [16, 17, 1, 2, 3, 4, 5, 6, 7, 8, 9, 10, 11, 12, 13, 14, 15, 33, 34, 18, 19, 20, 21, 22, 23, 24, 25, 26, 27, 28, 29, 30, 31, 32], [20, 21, 22, 23, 24, 25, 26, 27, 28, 29, 30, 31, 32, 33, 34, 18, 19, 3, 4, 5, 6, 7, 8, 9, 10, 11, 12, 13, 14, 15, 16, 17, 1, 2]];
cc:=[2,17,27];
gen_vectors_as_perm:=[S!perm : perm in gen_vectors];
passport_label:=15;
gen_vect_label:=1;
is_hyperelliptic:=true;
hyp_involution:=S![18, 19, 20, 21, 22, 23, 24, 25, 26, 27, 28, 29, 30, 31, 32, 33, 34, 1, 2, 3, 4, 5, 6, 7, 8, 9, 10, 11, 12, 13, 14, 15, 16, 17];
is_cyclic_trigonal:=false;
Append(~data, rec<RecFormat | group:=G, gp_id:=gp_id, signature:=signature, gen_vectors:=gen_vectors_as_perm, conj_classes:=cc, genus:=genus, dimension:=dim, r:=r, g0:=g0, passport_label:= passport_label,gen_vect_label:=gen_vect_label, is_hyperelliptic:=is_hyperelliptic, hyp_involution:=hyp_involution,is_cyclic_trigonal:=is_cyclic_trigonal >);

// Here we add an action to data.
gen_vectors:=[[18, 19, 20, 21, 22, 23, 24, 25, 26, 27, 28, 29, 30, 31, 32, 33, 34, 1, 2, 3, 4, 5, 6, 7, 8, 9, 10, 11, 12, 13, 14, 15, 16, 17], [17, 1, 2, 3, 4, 5, 6, 7, 8, 9, 10, 11, 12, 13, 14, 15, 16, 34, 18, 19, 20, 21, 22, 23, 24, 25, 26, 27, 28, 29, 30, 31, 32, 33], [19, 20, 21, 22, 23, 24, 25, 26, 27, 28, 29, 30, 31, 32, 33, 34, 18, 2, 3, 4, 5, 6, 7, 8, 9, 10, 11, 12, 13, 14, 15, 16, 17, 1]];
cc:=[2,18,19];
gen_vectors_as_perm:=[S!perm : perm in gen_vectors];
passport_label:=16;
gen_vect_label:=1;
is_hyperelliptic:=true;
hyp_involution:=S![18, 19, 20, 21, 22, 23, 24, 25, 26, 27, 28, 29, 30, 31, 32, 33, 34, 1, 2, 3, 4, 5, 6, 7, 8, 9, 10, 11, 12, 13, 14, 15, 16, 17];
is_cyclic_trigonal:=false;
Append(~data, rec<RecFormat | group:=G, gp_id:=gp_id, signature:=signature, gen_vectors:=gen_vectors_as_perm, conj_classes:=cc, genus:=genus, dimension:=dim, r:=r, g0:=g0, passport_label:= passport_label,gen_vect_label:=gen_vect_label, is_hyperelliptic:=is_hyperelliptic, hyp_involution:=hyp_involution,is_cyclic_trigonal:=is_cyclic_trigonal >);

// label = 8.40-10.0.2-10-20
// Create group as a permutation group and initialize signature information.
gp_id:=[40,10];
H:=SmallGroup(gp_id[1],gp_id[2]); n:=#H; LP:=[]; LG:=[g : g in H]; for i in [1..n] do x:=LG[i]; Tx:=[LG[j]*x : j in [1..n]]; permL:=[]; for j in [1..n] do for k in [1..n] do if Tx[j] eq LG[k] then permL[j]:=k;  break; end if; end for; end for; Append(~LP,permL); end for; G:=PermutationGroup<n|LP>; 
signature:=[0,2,10,20];
genus:=8;
r:=#signature-1;
g0:=signature[1];
dim:=3*g0-3+r;
S:=Sym(gp_id[1]);

// Here we add an action to data.
gen_vectors:=[[11, 12, 13, 14, 15, 16, 17, 18, 19, 20, 1, 2, 3, 4, 5, 6, 7, 8, 9, 10, 31, 32, 33, 34, 35, 36, 37, 38, 39, 40, 21, 22, 23, 24, 25, 26, 27, 28, 29, 30], [23, 24, 25, 26, 27, 28, 29, 30, 21, 22, 34, 33, 36, 35, 38, 37, 40, 39, 32, 31, 3, 4, 5, 6, 7, 8, 9, 10, 1, 2, 14, 13, 16, 15, 18, 17, 20, 19, 12, 11], [39, 40, 31, 32, 33, 34, 35, 36, 37, 38, 30, 29, 22, 21, 24, 23, 26, 25, 28, 27, 19, 20, 11, 12, 13, 14, 15, 16, 17, 18, 10, 9, 2, 1, 4, 3, 6, 5, 8, 7]];
cc:=[3,18,25];
gen_vectors_as_perm:=[S!perm : perm in gen_vectors];
passport_label:=1;
gen_vect_label:=1;
is_hyperelliptic:=false;
is_cyclic_trigonal:=false;
Append(~data, rec<RecFormat | group:=G, gp_id:=gp_id, signature:=signature, gen_vectors:=gen_vectors_as_perm, conj_classes:=cc, genus:=genus, dimension:=dim, r:=r, g0:=g0, passport_label:= passport_label,gen_vect_label:=gen_vect_label, is_hyperelliptic:=is_hyperelliptic,is_cyclic_trigonal:=is_cyclic_trigonal >);

// Here we add an action to data.
gen_vectors:=[[11, 12, 13, 14, 15, 16, 17, 18, 19, 20, 1, 2, 3, 4, 5, 6, 7, 8, 9, 10, 31, 32, 33, 34, 35, 36, 37, 38, 39, 40, 21, 22, 23, 24, 25, 26, 27, 28, 29, 30], [27, 28, 29, 30, 21, 22, 23, 24, 25, 26, 38, 37, 40, 39, 32, 31, 34, 33, 36, 35, 7, 8, 9, 10, 1, 2, 3, 4, 5, 6, 18, 17, 20, 19, 12, 11, 14, 13, 16, 15], [35, 36, 37, 38, 39, 40, 31, 32, 33, 34, 26, 25, 28, 27, 30, 29, 22, 21, 24, 23, 15, 16, 17, 18, 19, 20, 11, 12, 13, 14, 6, 5, 8, 7, 10, 9, 2, 1, 4, 3]];
cc:=[3,19,24];
gen_vectors_as_perm:=[S!perm : perm in gen_vectors];
passport_label:=2;
gen_vect_label:=1;
is_hyperelliptic:=false;
is_cyclic_trigonal:=false;
Append(~data, rec<RecFormat | group:=G, gp_id:=gp_id, signature:=signature, gen_vectors:=gen_vectors_as_perm, conj_classes:=cc, genus:=genus, dimension:=dim, r:=r, g0:=g0, passport_label:= passport_label,gen_vect_label:=gen_vect_label, is_hyperelliptic:=is_hyperelliptic,is_cyclic_trigonal:=is_cyclic_trigonal >);

// Here we add an action to data.
gen_vectors:=[[11, 12, 13, 14, 15, 16, 17, 18, 19, 20, 1, 2, 3, 4, 5, 6, 7, 8, 9, 10, 31, 32, 33, 34, 35, 36, 37, 38, 39, 40, 21, 22, 23, 24, 25, 26, 27, 28, 29, 30], [25, 26, 27, 28, 29, 30, 21, 22, 23, 24, 36, 35, 38, 37, 40, 39, 32, 31, 34, 33, 5, 6, 7, 8, 9, 10, 1, 2, 3, 4, 16, 15, 18, 17, 20, 19, 12, 11, 14, 13], [37, 38, 39, 40, 31, 32, 33, 34, 35, 36, 28, 27, 30, 29, 22, 21, 24, 23, 26, 25, 17, 18, 19, 20, 11, 12, 13, 14, 15, 16, 8, 7, 10, 9, 2, 1, 4, 3, 6, 5]];
cc:=[3,20,23];
gen_vectors_as_perm:=[S!perm : perm in gen_vectors];
passport_label:=3;
gen_vect_label:=1;
is_hyperelliptic:=false;
is_cyclic_trigonal:=false;
Append(~data, rec<RecFormat | group:=G, gp_id:=gp_id, signature:=signature, gen_vectors:=gen_vectors_as_perm, conj_classes:=cc, genus:=genus, dimension:=dim, r:=r, g0:=g0, passport_label:= passport_label,gen_vect_label:=gen_vect_label, is_hyperelliptic:=is_hyperelliptic,is_cyclic_trigonal:=is_cyclic_trigonal >);

// Here we add an action to data.
gen_vectors:=[[11, 12, 13, 14, 15, 16, 17, 18, 19, 20, 1, 2, 3, 4, 5, 6, 7, 8, 9, 10, 31, 32, 33, 34, 35, 36, 37, 38, 39, 40, 21, 22, 23, 24, 25, 26, 27, 28, 29, 30], [29, 30, 21, 22, 23, 24, 25, 26, 27, 28, 40, 39, 32, 31, 34, 33, 36, 35, 38, 37, 9, 10, 1, 2, 3, 4, 5, 6, 7, 8, 20, 19, 12, 11, 14, 13, 16, 15, 18, 17], [33, 34, 35, 36, 37, 38, 39, 40, 31, 32, 24, 23, 26, 25, 28, 27, 30, 29, 22, 21, 13, 14, 15, 16, 17, 18, 19, 20, 11, 12, 4, 3, 6, 5, 8, 7, 10, 9, 2, 1]];
cc:=[3,21,22];
gen_vectors_as_perm:=[S!perm : perm in gen_vectors];
passport_label:=4;
gen_vect_label:=1;
is_hyperelliptic:=false;
is_cyclic_trigonal:=false;
Append(~data, rec<RecFormat | group:=G, gp_id:=gp_id, signature:=signature, gen_vectors:=gen_vectors_as_perm, conj_classes:=cc, genus:=genus, dimension:=dim, r:=r, g0:=g0, passport_label:= passport_label,gen_vect_label:=gen_vect_label, is_hyperelliptic:=is_hyperelliptic,is_cyclic_trigonal:=is_cyclic_trigonal >);

// Here we add an action to data.
gen_vectors:=[[21, 22, 23, 24, 25, 26, 27, 28, 29, 30, 32, 31, 34, 33, 36, 35, 38, 37, 40, 39, 1, 2, 3, 4, 5, 6, 7, 8, 9, 10, 12, 11, 14, 13, 16, 15, 18, 17, 20, 19], [13, 14, 15, 16, 17, 18, 19, 20, 11, 12, 3, 4, 5, 6, 7, 8, 9, 10, 1, 2, 33, 34, 35, 36, 37, 38, 39, 40, 31, 32, 23, 24, 25, 26, 27, 28, 29, 30, 21, 22], [40, 39, 32, 31, 34, 33, 36, 35, 38, 37, 29, 30, 21, 22, 23, 24, 25, 26, 27, 28, 20, 19, 12, 11, 14, 13, 16, 15, 18, 17, 9, 10, 1, 2, 3, 4, 5, 6, 7, 8]];
cc:=[4,14,25];
gen_vectors_as_perm:=[S!perm : perm in gen_vectors];
passport_label:=5;
gen_vect_label:=1;
is_hyperelliptic:=false;
is_cyclic_trigonal:=false;
Append(~data, rec<RecFormat | group:=G, gp_id:=gp_id, signature:=signature, gen_vectors:=gen_vectors_as_perm, conj_classes:=cc, genus:=genus, dimension:=dim, r:=r, g0:=g0, passport_label:= passport_label,gen_vect_label:=gen_vect_label, is_hyperelliptic:=is_hyperelliptic,is_cyclic_trigonal:=is_cyclic_trigonal >);

// Here we add an action to data.
gen_vectors:=[[21, 22, 23, 24, 25, 26, 27, 28, 29, 30, 32, 31, 34, 33, 36, 35, 38, 37, 40, 39, 1, 2, 3, 4, 5, 6, 7, 8, 9, 10, 12, 11, 14, 13, 16, 15, 18, 17, 20, 19], [17, 18, 19, 20, 11, 12, 13, 14, 15, 16, 7, 8, 9, 10, 1, 2, 3, 4, 5, 6, 37, 38, 39, 40, 31, 32, 33, 34, 35, 36, 27, 28, 29, 30, 21, 22, 23, 24, 25, 26], [36, 35, 38, 37, 40, 39, 32, 31, 34, 33, 25, 26, 27, 28, 29, 30, 21, 22, 23, 24, 16, 15, 18, 17, 20, 19, 12, 11, 14, 13, 5, 6, 7, 8, 9, 10, 1, 2, 3, 4]];
cc:=[4,15,24];
gen_vectors_as_perm:=[S!perm : perm in gen_vectors];
passport_label:=6;
gen_vect_label:=1;
is_hyperelliptic:=false;
is_cyclic_trigonal:=false;
Append(~data, rec<RecFormat | group:=G, gp_id:=gp_id, signature:=signature, gen_vectors:=gen_vectors_as_perm, conj_classes:=cc, genus:=genus, dimension:=dim, r:=r, g0:=g0, passport_label:= passport_label,gen_vect_label:=gen_vect_label, is_hyperelliptic:=is_hyperelliptic,is_cyclic_trigonal:=is_cyclic_trigonal >);

// Here we add an action to data.
gen_vectors:=[[21, 22, 23, 24, 25, 26, 27, 28, 29, 30, 32, 31, 34, 33, 36, 35, 38, 37, 40, 39, 1, 2, 3, 4, 5, 6, 7, 8, 9, 10, 12, 11, 14, 13, 16, 15, 18, 17, 20, 19], [15, 16, 17, 18, 19, 20, 11, 12, 13, 14, 5, 6, 7, 8, 9, 10, 1, 2, 3, 4, 35, 36, 37, 38, 39, 40, 31, 32, 33, 34, 25, 26, 27, 28, 29, 30, 21, 22, 23, 24], [38, 37, 40, 39, 32, 31, 34, 33, 36, 35, 27, 28, 29, 30, 21, 22, 23, 24, 25, 26, 18, 17, 20, 19, 12, 11, 14, 13, 16, 15, 7, 8, 9, 10, 1, 2, 3, 4, 5, 6]];
cc:=[4,16,23];
gen_vectors_as_perm:=[S!perm : perm in gen_vectors];
passport_label:=7;
gen_vect_label:=1;
is_hyperelliptic:=false;
is_cyclic_trigonal:=false;
Append(~data, rec<RecFormat | group:=G, gp_id:=gp_id, signature:=signature, gen_vectors:=gen_vectors_as_perm, conj_classes:=cc, genus:=genus, dimension:=dim, r:=r, g0:=g0, passport_label:= passport_label,gen_vect_label:=gen_vect_label, is_hyperelliptic:=is_hyperelliptic,is_cyclic_trigonal:=is_cyclic_trigonal >);

// Here we add an action to data.
