// Magma CODE FOR SEARCH RESULTS

// The results are stored in a list of records called 'data'

RecFormat:=recformat<group,gp_id, signature,gen_vectors,conj_classes,genus,dimension,r,g0, passport_label,gen_vect_label, is_hyperelliptic, hyp_involution, is_cyclic_trigonal,cyc_auto,full_auto, full_sign,topological_class,braid_class>;

data:=[];

// label = 9.48-5.0.2-8-24
// Create group as a permutation group and initialize signature information.
gp_id:=[48,5];
H:=SmallGroup(gp_id[1],gp_id[2]); n:=#H; LP:=[]; LG:=[g : g in H]; for i in [1..n] do x:=LG[i]; Tx:=[LG[j]*x : j in [1..n]]; permL:=[]; for j in [1..n] do for k in [1..n] do if Tx[j] eq LG[k] then permL[j]:=k;  break; end if; end for; end for; Append(~LP,permL); end for; G:=PermutationGroup<n|LP>; 
signature:=[0,2,8,24];
genus:=9;
r:=#signature-1;
g0:=signature[1];
dim:=3*g0-3+r;
S:=Sym(gp_id[1]);

// Here we add an action to data.
gen_vectors:=[[25, 27, 26, 28, 30, 29, 31, 33, 32, 34, 36, 35, 40, 42, 41, 37, 39, 38, 46, 48, 47, 43, 45, 44, 1, 3, 2, 4, 6, 5, 7, 9, 8, 10, 12, 11, 16, 18, 17, 13, 15, 14, 22, 24, 23, 19, 21, 20], [39, 38, 37, 42, 41, 40, 45, 44, 43, 48, 47, 46, 36, 35, 34, 33, 32, 31, 27, 26, 25, 30, 29, 28, 15, 14, 13, 18, 17, 16, 21, 20, 19, 24, 23, 22, 12, 11, 10, 9, 8, 7, 3, 2, 1, 6, 5, 4], [23, 24, 22, 20, 21, 19, 14, 15, 13, 17, 18, 16, 2, 3, 1, 5, 6, 4, 8, 9, 7, 11, 12, 10, 47, 48, 46, 44, 45, 43, 38, 39, 37, 41, 42, 40, 26, 27, 25, 29, 30, 28, 32, 33, 31, 35, 36, 34]];
cc:=[3,11,16];
gen_vectors_as_perm:=[S!perm : perm in gen_vectors];
passport_label:=1;
gen_vect_label:=1;
is_hyperelliptic:=false;
is_cyclic_trigonal:=false;
Append(~data, rec<RecFormat | group:=G, gp_id:=gp_id, signature:=signature, gen_vectors:=gen_vectors_as_perm, conj_classes:=cc, genus:=genus, dimension:=dim, r:=r, g0:=g0, passport_label:= passport_label,gen_vect_label:=gen_vect_label, is_hyperelliptic:=is_hyperelliptic,is_cyclic_trigonal:=is_cyclic_trigonal >);

// Here we add an action to data.
gen_vectors:=[[25, 27, 26, 28, 30, 29, 31, 33, 32, 34, 36, 35, 40, 42, 41, 37, 39, 38, 46, 48, 47, 43, 45, 44, 1, 3, 2, 4, 6, 5, 7, 9, 8, 10, 12, 11, 16, 18, 17, 13, 15, 14, 22, 24, 23, 19, 21, 20], [38, 37, 39, 41, 40, 42, 44, 43, 45, 47, 46, 48, 35, 34, 36, 32, 31, 33, 26, 25, 27, 29, 28, 30, 14, 13, 15, 17, 16, 18, 20, 19, 21, 23, 22, 24, 11, 10, 12, 8, 7, 9, 2, 1, 3, 5, 4, 6], [24, 22, 23, 21, 19, 20, 15, 13, 14, 18, 16, 17, 3, 1, 2, 6, 4, 5, 9, 7, 8, 12, 10, 11, 48, 46, 47, 45, 43, 44, 39, 37, 38, 42, 40, 41, 27, 25, 26, 30, 28, 29, 33, 31, 32, 36, 34, 35]];
cc:=[3,11,18];
gen_vectors_as_perm:=[S!perm : perm in gen_vectors];
passport_label:=2;
gen_vect_label:=1;
is_hyperelliptic:=false;
is_cyclic_trigonal:=false;
Append(~data, rec<RecFormat | group:=G, gp_id:=gp_id, signature:=signature, gen_vectors:=gen_vectors_as_perm, conj_classes:=cc, genus:=genus, dimension:=dim, r:=r, g0:=g0, passport_label:= passport_label,gen_vect_label:=gen_vect_label, is_hyperelliptic:=is_hyperelliptic,is_cyclic_trigonal:=is_cyclic_trigonal >);

// Here we add an action to data.
gen_vectors:=[[25, 27, 26, 28, 30, 29, 31, 33, 32, 34, 36, 35, 40, 42, 41, 37, 39, 38, 46, 48, 47, 43, 45, 44, 1, 3, 2, 4, 6, 5, 7, 9, 8, 10, 12, 11, 16, 18, 17, 13, 15, 14, 22, 24, 23, 19, 21, 20], [48, 47, 46, 45, 44, 43, 39, 38, 37, 42, 41, 40, 30, 29, 28, 27, 26, 25, 36, 35, 34, 33, 32, 31, 24, 23, 22, 21, 20, 19, 15, 14, 13, 18, 17, 16, 6, 5, 4, 3, 2, 1, 12, 11, 10, 9, 8, 7], [14, 15, 13, 17, 18, 16, 20, 21, 19, 23, 24, 22, 8, 9, 7, 11, 12, 10, 5, 6, 4, 2, 3, 1, 38, 39, 37, 41, 42, 40, 44, 45, 43, 47, 48, 46, 32, 33, 31, 35, 36, 34, 29, 30, 28, 26, 27, 25]];
cc:=[3,12,15];
gen_vectors_as_perm:=[S!perm : perm in gen_vectors];
passport_label:=3;
gen_vect_label:=1;
is_hyperelliptic:=false;
is_cyclic_trigonal:=false;
Append(~data, rec<RecFormat | group:=G, gp_id:=gp_id, signature:=signature, gen_vectors:=gen_vectors_as_perm, conj_classes:=cc, genus:=genus, dimension:=dim, r:=r, g0:=g0, passport_label:= passport_label,gen_vect_label:=gen_vect_label, is_hyperelliptic:=is_hyperelliptic,is_cyclic_trigonal:=is_cyclic_trigonal >);

// Here we add an action to data.
gen_vectors:=[[25, 27, 26, 28, 30, 29, 31, 33, 32, 34, 36, 35, 40, 42, 41, 37, 39, 38, 46, 48, 47, 43, 45, 44, 1, 3, 2, 4, 6, 5, 7, 9, 8, 10, 12, 11, 16, 18, 17, 13, 15, 14, 22, 24, 23, 19, 21, 20], [47, 46, 48, 44, 43, 45, 38, 37, 39, 41, 40, 42, 29, 28, 30, 26, 25, 27, 35, 34, 36, 32, 31, 33, 23, 22, 24, 20, 19, 21, 14, 13, 15, 17, 16, 18, 5, 4, 6, 2, 1, 3, 11, 10, 12, 8, 7, 9], [15, 13, 14, 18, 16, 17, 21, 19, 20, 24, 22, 23, 9, 7, 8, 12, 10, 11, 6, 4, 5, 3, 1, 2, 39, 37, 38, 42, 40, 41, 45, 43, 44, 48, 46, 47, 33, 31, 32, 36, 34, 35, 30, 28, 29, 27, 25, 26]];
cc:=[3,12,17];
gen_vectors_as_perm:=[S!perm : perm in gen_vectors];
passport_label:=4;
gen_vect_label:=1;
is_hyperelliptic:=false;
is_cyclic_trigonal:=false;
Append(~data, rec<RecFormat | group:=G, gp_id:=gp_id, signature:=signature, gen_vectors:=gen_vectors_as_perm, conj_classes:=cc, genus:=genus, dimension:=dim, r:=r, g0:=g0, passport_label:= passport_label,gen_vect_label:=gen_vect_label, is_hyperelliptic:=is_hyperelliptic,is_cyclic_trigonal:=is_cyclic_trigonal >);

// label = 9.57-1.0.3-3-19
// Create group as a permutation group and initialize signature information.
gp_id:=[57,1];
H:=SmallGroup(gp_id[1],gp_id[2]); n:=#H; LP:=[]; LG:=[g : g in H]; for i in [1..n] do x:=LG[i]; Tx:=[LG[j]*x : j in [1..n]]; permL:=[]; for j in [1..n] do for k in [1..n] do if Tx[j] eq LG[k] then permL[j]:=k;  break; end if; end for; end for; Append(~LP,permL); end for; G:=PermutationGroup<n|LP>; 
signature:=[0,3,3,19];
genus:=9;
r:=#signature-1;
g0:=signature[1];
dim:=3*g0-3+r;
S:=Sym(gp_id[1]);

// Here we add an action to data.
gen_vectors:=[[20, 27, 34, 22, 29, 36, 24, 31, 38, 26, 33, 21, 28, 35, 23, 30, 37, 25, 32, 39, 46, 53, 41, 48, 55, 43, 50, 57, 45, 52, 40, 47, 54, 42, 49, 56, 44, 51, 1, 8, 15, 3, 10, 17, 5, 12, 19, 7, 14, 2, 9, 16, 4, 11, 18, 6, 13], [57, 49, 41, 52, 44, 55, 47, 39, 50, 42, 53, 45, 56, 48, 40, 51, 43, 54, 46, 19, 11, 3, 14, 6, 17, 9, 1, 12, 4, 15, 7, 18, 10, 2, 13, 5, 16, 8, 38, 30, 22, 33, 25, 36, 28, 20, 31, 23, 34, 26, 37, 29, 21, 32, 24, 35, 27], [2, 3, 4, 5, 6, 7, 8, 9, 10, 11, 12, 13, 14, 15, 16, 17, 18, 19, 1, 21, 22, 23, 24, 25, 26, 27, 28, 29, 30, 31, 32, 33, 34, 35, 36, 37, 38, 20, 40, 41, 42, 43, 44, 45, 46, 47, 48, 49, 50, 51, 52, 53, 54, 55, 56, 57, 39]];
cc:=[2,3,4];
gen_vectors_as_perm:=[S!perm : perm in gen_vectors];
passport_label:=1;
gen_vect_label:=1;
is_hyperelliptic:=false;
is_cyclic_trigonal:=false;
Append(~data, rec<RecFormat | group:=G, gp_id:=gp_id, signature:=signature, gen_vectors:=gen_vectors_as_perm, conj_classes:=cc, genus:=genus, dimension:=dim, r:=r, g0:=g0, passport_label:= passport_label,gen_vect_label:=gen_vect_label, is_hyperelliptic:=is_hyperelliptic,is_cyclic_trigonal:=is_cyclic_trigonal >);

// Here we add an action to data.
gen_vectors:=[[20, 27, 34, 22, 29, 36, 24, 31, 38, 26, 33, 21, 28, 35, 23, 30, 37, 25, 32, 39, 46, 53, 41, 48, 55, 43, 50, 57, 45, 52, 40, 47, 54, 42, 49, 56, 44, 51, 1, 8, 15, 3, 10, 17, 5, 12, 19, 7, 14, 2, 9, 16, 4, 11, 18, 6, 13], [56, 48, 40, 51, 43, 54, 46, 57, 49, 41, 52, 44, 55, 47, 39, 50, 42, 53, 45, 18, 10, 2, 13, 5, 16, 8, 19, 11, 3, 14, 6, 17, 9, 1, 12, 4, 15, 7, 37, 29, 21, 32, 24, 35, 27, 38, 30, 22, 33, 25, 36, 28, 20, 31, 23, 34, 26], [3, 4, 5, 6, 7, 8, 9, 10, 11, 12, 13, 14, 15, 16, 17, 18, 19, 1, 2, 22, 23, 24, 25, 26, 27, 28, 29, 30, 31, 32, 33, 34, 35, 36, 37, 38, 20, 21, 41, 42, 43, 44, 45, 46, 47, 48, 49, 50, 51, 52, 53, 54, 55, 56, 57, 39, 40]];
cc:=[2,3,5];
gen_vectors_as_perm:=[S!perm : perm in gen_vectors];
passport_label:=2;
gen_vect_label:=1;
is_hyperelliptic:=false;
is_cyclic_trigonal:=false;
Append(~data, rec<RecFormat | group:=G, gp_id:=gp_id, signature:=signature, gen_vectors:=gen_vectors_as_perm, conj_classes:=cc, genus:=genus, dimension:=dim, r:=r, g0:=g0, passport_label:= passport_label,gen_vect_label:=gen_vect_label, is_hyperelliptic:=is_hyperelliptic,is_cyclic_trigonal:=is_cyclic_trigonal >);

// Here we add an action to data.
gen_vectors:=[[20, 27, 34, 22, 29, 36, 24, 31, 38, 26, 33, 21, 28, 35, 23, 30, 37, 25, 32, 39, 46, 53, 41, 48, 55, 43, 50, 57, 45, 52, 40, 47, 54, 42, 49, 56, 44, 51, 1, 8, 15, 3, 10, 17, 5, 12, 19, 7, 14, 2, 9, 16, 4, 11, 18, 6, 13], [54, 46, 57, 49, 41, 52, 44, 55, 47, 39, 50, 42, 53, 45, 56, 48, 40, 51, 43, 16, 8, 19, 11, 3, 14, 6, 17, 9, 1, 12, 4, 15, 7, 18, 10, 2, 13, 5, 35, 27, 38, 30, 22, 33, 25, 36, 28, 20, 31, 23, 34, 26, 37, 29, 21, 32, 24], [5, 6, 7, 8, 9, 10, 11, 12, 13, 14, 15, 16, 17, 18, 19, 1, 2, 3, 4, 24, 25, 26, 27, 28, 29, 30, 31, 32, 33, 34, 35, 36, 37, 38, 20, 21, 22, 23, 43, 44, 45, 46, 47, 48, 49, 50, 51, 52, 53, 54, 55, 56, 57, 39, 40, 41, 42]];
cc:=[2,3,6];
gen_vectors_as_perm:=[S!perm : perm in gen_vectors];
passport_label:=3;
gen_vect_label:=1;
is_hyperelliptic:=false;
is_cyclic_trigonal:=false;
Append(~data, rec<RecFormat | group:=G, gp_id:=gp_id, signature:=signature, gen_vectors:=gen_vectors_as_perm, conj_classes:=cc, genus:=genus, dimension:=dim, r:=r, g0:=g0, passport_label:= passport_label,gen_vect_label:=gen_vect_label, is_hyperelliptic:=is_hyperelliptic,is_cyclic_trigonal:=is_cyclic_trigonal >);

// Here we add an action to data.
gen_vectors:=[[20, 27, 34, 22, 29, 36, 24, 31, 38, 26, 33, 21, 28, 35, 23, 30, 37, 25, 32, 39, 46, 53, 41, 48, 55, 43, 50, 57, 45, 52, 40, 47, 54, 42, 49, 56, 44, 51, 1, 8, 15, 3, 10, 17, 5, 12, 19, 7, 14, 2, 9, 16, 4, 11, 18, 6, 13], [46, 57, 49, 41, 52, 44, 55, 47, 39, 50, 42, 53, 45, 56, 48, 40, 51, 43, 54, 8, 19, 11, 3, 14, 6, 17, 9, 1, 12, 4, 15, 7, 18, 10, 2, 13, 5, 16, 27, 38, 30, 22, 33, 25, 36, 28, 20, 31, 23, 34, 26, 37, 29, 21, 32, 24, 35], [13, 14, 15, 16, 17, 18, 19, 1, 2, 3, 4, 5, 6, 7, 8, 9, 10, 11, 12, 32, 33, 34, 35, 36, 37, 38, 20, 21, 22, 23, 24, 25, 26, 27, 28, 29, 30, 31, 51, 52, 53, 54, 55, 56, 57, 39, 40, 41, 42, 43, 44, 45, 46, 47, 48, 49, 50]];
cc:=[2,3,7];
gen_vectors_as_perm:=[S!perm : perm in gen_vectors];
passport_label:=4;
gen_vect_label:=1;
is_hyperelliptic:=false;
is_cyclic_trigonal:=false;
Append(~data, rec<RecFormat | group:=G, gp_id:=gp_id, signature:=signature, gen_vectors:=gen_vectors_as_perm, conj_classes:=cc, genus:=genus, dimension:=dim, r:=r, g0:=g0, passport_label:= passport_label,gen_vect_label:=gen_vect_label, is_hyperelliptic:=is_hyperelliptic,is_cyclic_trigonal:=is_cyclic_trigonal >);

// Here we add an action to data.
gen_vectors:=[[20, 27, 34, 22, 29, 36, 24, 31, 38, 26, 33, 21, 28, 35, 23, 30, 37, 25, 32, 39, 46, 53, 41, 48, 55, 43, 50, 57, 45, 52, 40, 47, 54, 42, 49, 56, 44, 51, 1, 8, 15, 3, 10, 17, 5, 12, 19, 7, 14, 2, 9, 16, 4, 11, 18, 6, 13], [53, 45, 56, 48, 40, 51, 43, 54, 46, 57, 49, 41, 52, 44, 55, 47, 39, 50, 42, 15, 7, 18, 10, 2, 13, 5, 16, 8, 19, 11, 3, 14, 6, 17, 9, 1, 12, 4, 34, 26, 37, 29, 21, 32, 24, 35, 27, 38, 30, 22, 33, 25, 36, 28, 20, 31, 23], [6, 7, 8, 9, 10, 11, 12, 13, 14, 15, 16, 17, 18, 19, 1, 2, 3, 4, 5, 25, 26, 27, 28, 29, 30, 31, 32, 33, 34, 35, 36, 37, 38, 20, 21, 22, 23, 24, 44, 45, 46, 47, 48, 49, 50, 51, 52, 53, 54, 55, 56, 57, 39, 40, 41, 42, 43]];
cc:=[2,3,8];
gen_vectors_as_perm:=[S!perm : perm in gen_vectors];
passport_label:=5;
gen_vect_label:=1;
is_hyperelliptic:=false;
is_cyclic_trigonal:=false;
Append(~data, rec<RecFormat | group:=G, gp_id:=gp_id, signature:=signature, gen_vectors:=gen_vectors_as_perm, conj_classes:=cc, genus:=genus, dimension:=dim, r:=r, g0:=g0, passport_label:= passport_label,gen_vect_label:=gen_vect_label, is_hyperelliptic:=is_hyperelliptic,is_cyclic_trigonal:=is_cyclic_trigonal >);

// Here we add an action to data.
gen_vectors:=[[20, 27, 34, 22, 29, 36, 24, 31, 38, 26, 33, 21, 28, 35, 23, 30, 37, 25, 32, 39, 46, 53, 41, 48, 55, 43, 50, 57, 45, 52, 40, 47, 54, 42, 49, 56, 44, 51, 1, 8, 15, 3, 10, 17, 5, 12, 19, 7, 14, 2, 9, 16, 4, 11, 18, 6, 13], [48, 40, 51, 43, 54, 46, 57, 49, 41, 52, 44, 55, 47, 39, 50, 42, 53, 45, 56, 10, 2, 13, 5, 16, 8, 19, 11, 3, 14, 6, 17, 9, 1, 12, 4, 15, 7, 18, 29, 21, 32, 24, 35, 27, 38, 30, 22, 33, 25, 36, 28, 20, 31, 23, 34, 26, 37], [11, 12, 13, 14, 15, 16, 17, 18, 19, 1, 2, 3, 4, 5, 6, 7, 8, 9, 10, 30, 31, 32, 33, 34, 35, 36, 37, 38, 20, 21, 22, 23, 24, 25, 26, 27, 28, 29, 49, 50, 51, 52, 53, 54, 55, 56, 57, 39, 40, 41, 42, 43, 44, 45, 46, 47, 48]];
cc:=[2,3,9];
gen_vectors_as_perm:=[S!perm : perm in gen_vectors];
passport_label:=6;
gen_vect_label:=1;
is_hyperelliptic:=false;
is_cyclic_trigonal:=false;
Append(~data, rec<RecFormat | group:=G, gp_id:=gp_id, signature:=signature, gen_vectors:=gen_vectors_as_perm, conj_classes:=cc, genus:=genus, dimension:=dim, r:=r, g0:=g0, passport_label:= passport_label,gen_vect_label:=gen_vect_label, is_hyperelliptic:=is_hyperelliptic,is_cyclic_trigonal:=is_cyclic_trigonal >);

// label = 9.21-2.0.7-21-21
// Create group as a permutation group and initialize signature information.
gp_id:=[21,2];
H:=SmallGroup(gp_id[1],gp_id[2]); n:=#H; LP:=[]; LG:=[g : g in H]; for i in [1..n] do x:=LG[i]; Tx:=[LG[j]*x : j in [1..n]]; permL:=[]; for j in [1..n] do for k in [1..n] do if Tx[j] eq LG[k] then permL[j]:=k;  break; end if; end for; end for; Append(~LP,permL); end for; G:=PermutationGroup<n|LP>; 
signature:=[0,7,21,21];
genus:=9;
r:=#signature-1;
g0:=signature[1];
dim:=3*g0-3+r;
S:=Sym(gp_id[1]);

// Here we add an action to data.
gen_vectors:=[[2, 3, 4, 5, 6, 7, 1, 9, 10, 11, 12, 13, 14, 8, 16, 17, 18, 19, 20, 21, 15], [9, 10, 11, 12, 13, 14, 8, 16, 17, 18, 19, 20, 21, 15, 2, 3, 4, 5, 6, 7, 1], [20, 21, 15, 16, 17, 18, 19, 6, 7, 1, 2, 3, 4, 5, 13, 14, 8, 9, 10, 11, 12]];
cc:=[4,10,13];
gen_vectors_as_perm:=[S!perm : perm in gen_vectors];
passport_label:=1;
gen_vect_label:=1;
is_hyperelliptic:=false;
is_cyclic_trigonal:=false;
Append(~data, rec<RecFormat | group:=G, gp_id:=gp_id, signature:=signature, gen_vectors:=gen_vectors_as_perm, conj_classes:=cc, genus:=genus, dimension:=dim, r:=r, g0:=g0, passport_label:= passport_label,gen_vect_label:=gen_vect_label, is_hyperelliptic:=is_hyperelliptic,is_cyclic_trigonal:=is_cyclic_trigonal >);

// Here we add an action to data.
gen_vectors:=[[2, 3, 4, 5, 6, 7, 1, 9, 10, 11, 12, 13, 14, 8, 16, 17, 18, 19, 20, 21, 15], [17, 18, 19, 20, 21, 15, 16, 3, 4, 5, 6, 7, 1, 2, 10, 11, 12, 13, 14, 8, 9], [12, 13, 14, 8, 9, 10, 11, 19, 20, 21, 15, 16, 17, 18, 5, 6, 7, 1, 2, 3, 4]];
cc:=[4,11,12];
gen_vectors_as_perm:=[S!perm : perm in gen_vectors];
passport_label:=2;
gen_vect_label:=1;
is_hyperelliptic:=false;
is_cyclic_trigonal:=false;
Append(~data, rec<RecFormat | group:=G, gp_id:=gp_id, signature:=signature, gen_vectors:=gen_vectors_as_perm, conj_classes:=cc, genus:=genus, dimension:=dim, r:=r, g0:=g0, passport_label:= passport_label,gen_vect_label:=gen_vect_label, is_hyperelliptic:=is_hyperelliptic,is_cyclic_trigonal:=is_cyclic_trigonal >);

// Here we add an action to data.
gen_vectors:=[[2, 3, 4, 5, 6, 7, 1, 9, 10, 11, 12, 13, 14, 8, 16, 17, 18, 19, 20, 21, 15], [16, 17, 18, 19, 20, 21, 15, 2, 3, 4, 5, 6, 7, 1, 9, 10, 11, 12, 13, 14, 8], [13, 14, 8, 9, 10, 11, 12, 20, 21, 15, 16, 17, 18, 19, 6, 7, 1, 2, 3, 4, 5]];
cc:=[4,14,20];
gen_vectors_as_perm:=[S!perm : perm in gen_vectors];
passport_label:=3;
gen_vect_label:=1;
is_hyperelliptic:=false;
is_cyclic_trigonal:=false;
Append(~data, rec<RecFormat | group:=G, gp_id:=gp_id, signature:=signature, gen_vectors:=gen_vectors_as_perm, conj_classes:=cc, genus:=genus, dimension:=dim, r:=r, g0:=g0, passport_label:= passport_label,gen_vect_label:=gen_vect_label, is_hyperelliptic:=is_hyperelliptic,is_cyclic_trigonal:=is_cyclic_trigonal >);

// Here we add an action to data.
gen_vectors:=[[2, 3, 4, 5, 6, 7, 1, 9, 10, 11, 12, 13, 14, 8, 16, 17, 18, 19, 20, 21, 15], [11, 12, 13, 14, 8, 9, 10, 18, 19, 20, 21, 15, 16, 17, 4, 5, 6, 7, 1, 2, 3], [18, 19, 20, 21, 15, 16, 17, 4, 5, 6, 7, 1, 2, 3, 11, 12, 13, 14, 8, 9, 10]];
cc:=[4,15,19];
gen_vectors_as_perm:=[S!perm : perm in gen_vectors];
passport_label:=4;
gen_vect_label:=1;
full_auto:=[42,3];
full_sign:=[0,2,14,21];
Append(~data, rec<RecFormat | group:=G, gp_id:=gp_id, signature:=signature, gen_vectors:=gen_vectors_as_perm, conj_classes:=cc, genus:=genus, dimension:=dim, r:=r, g0:=g0, passport_label:= passport_label,gen_vect_label:=gen_vect_label,full_auto:=full_auto, full_sign:=full_sign>);

// Here we add an action to data.
gen_vectors:=[[2, 3, 4, 5, 6, 7, 1, 9, 10, 11, 12, 13, 14, 8, 16, 17, 18, 19, 20, 21, 15], [19, 20, 21, 15, 16, 17, 18, 5, 6, 7, 1, 2, 3, 4, 12, 13, 14, 8, 9, 10, 11], [10, 11, 12, 13, 14, 8, 9, 17, 18, 19, 20, 21, 15, 16, 3, 4, 5, 6, 7, 1, 2]];
cc:=[4,16,18];
gen_vectors_as_perm:=[S!perm : perm in gen_vectors];
passport_label:=5;
gen_vect_label:=1;
is_hyperelliptic:=false;
is_cyclic_trigonal:=false;
Append(~data, rec<RecFormat | group:=G, gp_id:=gp_id, signature:=signature, gen_vectors:=gen_vectors_as_perm, conj_classes:=cc, genus:=genus, dimension:=dim, r:=r, g0:=g0, passport_label:= passport_label,gen_vect_label:=gen_vect_label, is_hyperelliptic:=is_hyperelliptic,is_cyclic_trigonal:=is_cyclic_trigonal >);

// Here we add an action to data.
gen_vectors:=[[3, 4, 5, 6, 7, 1, 2, 10, 11, 12, 13, 14, 8, 9, 17, 18, 19, 20, 21, 15, 16], [9, 10, 11, 12, 13, 14, 8, 16, 17, 18, 19, 20, 21, 15, 2, 3, 4, 5, 6, 7, 1], [19, 20, 21, 15, 16, 17, 18, 5, 6, 7, 1, 2, 3, 4, 12, 13, 14, 8, 9, 10, 11]];
cc:=[5,10,16];
gen_vectors_as_perm:=[S!perm : perm in gen_vectors];
passport_label:=6;
gen_vect_label:=1;
is_hyperelliptic:=false;
is_cyclic_trigonal:=false;
Append(~data, rec<RecFormat | group:=G, gp_id:=gp_id, signature:=signature, gen_vectors:=gen_vectors_as_perm, conj_classes:=cc, genus:=genus, dimension:=dim, r:=r, g0:=g0, passport_label:= passport_label,gen_vect_label:=gen_vect_label, is_hyperelliptic:=is_hyperelliptic,is_cyclic_trigonal:=is_cyclic_trigonal >);

// Here we add an action to data.
gen_vectors:=[[3, 4, 5, 6, 7, 1, 2, 10, 11, 12, 13, 14, 8, 9, 17, 18, 19, 20, 21, 15, 16], [17, 18, 19, 20, 21, 15, 16, 3, 4, 5, 6, 7, 1, 2, 10, 11, 12, 13, 14, 8, 9], [11, 12, 13, 14, 8, 9, 10, 18, 19, 20, 21, 15, 16, 17, 4, 5, 6, 7, 1, 2, 3]];
cc:=[5,11,15];
gen_vectors_as_perm:=[S!perm : perm in gen_vectors];
passport_label:=7;
gen_vect_label:=1;
is_hyperelliptic:=false;
is_cyclic_trigonal:=false;
Append(~data, rec<RecFormat | group:=G, gp_id:=gp_id, signature:=signature, gen_vectors:=gen_vectors_as_perm, conj_classes:=cc, genus:=genus, dimension:=dim, r:=r, g0:=g0, passport_label:= passport_label,gen_vect_label:=gen_vect_label, is_hyperelliptic:=is_hyperelliptic,is_cyclic_trigonal:=is_cyclic_trigonal >);

// Here we add an action to data.
gen_vectors:=[[3, 4, 5, 6, 7, 1, 2, 10, 11, 12, 13, 14, 8, 9, 17, 18, 19, 20, 21, 15, 16], [12, 13, 14, 8, 9, 10, 11, 19, 20, 21, 15, 16, 17, 18, 5, 6, 7, 1, 2, 3, 4], [16, 17, 18, 19, 20, 21, 15, 2, 3, 4, 5, 6, 7, 1, 9, 10, 11, 12, 13, 14, 8]];
cc:=[5,12,14];
gen_vectors_as_perm:=[S!perm : perm in gen_vectors];
passport_label:=8;
gen_vect_label:=1;
is_hyperelliptic:=false;
is_cyclic_trigonal:=false;
Append(~data, rec<RecFormat | group:=G, gp_id:=gp_id, signature:=signature, gen_vectors:=gen_vectors_as_perm, conj_classes:=cc, genus:=genus, dimension:=dim, r:=r, g0:=g0, passport_label:= passport_label,gen_vect_label:=gen_vect_label, is_hyperelliptic:=is_hyperelliptic,is_cyclic_trigonal:=is_cyclic_trigonal >);

// Here we add an action to data.
gen_vectors:=[[3, 4, 5, 6, 7, 1, 2, 10, 11, 12, 13, 14, 8, 9, 17, 18, 19, 20, 21, 15, 16], [14, 8, 9, 10, 11, 12, 13, 21, 15, 16, 17, 18, 19, 20, 7, 1, 2, 3, 4, 5, 6], [21, 15, 16, 17, 18, 19, 20, 7, 1, 2, 3, 4, 5, 6, 14, 8, 9, 10, 11, 12, 13]];
cc:=[5,17,21];
gen_vectors_as_perm:=[S!perm : perm in gen_vectors];
passport_label:=9;
gen_vect_label:=1;
full_auto:=[42,3];
full_sign:=[0,2,14,21];
Append(~data, rec<RecFormat | group:=G, gp_id:=gp_id, signature:=signature, gen_vectors:=gen_vectors_as_perm, conj_classes:=cc, genus:=genus, dimension:=dim, r:=r, g0:=g0, passport_label:= passport_label,gen_vect_label:=gen_vect_label,full_auto:=full_auto, full_sign:=full_sign>);

// Here we add an action to data.
gen_vectors:=[[3, 4, 5, 6, 7, 1, 2, 10, 11, 12, 13, 14, 8, 9, 17, 18, 19, 20, 21, 15, 16], [10, 11, 12, 13, 14, 8, 9, 17, 18, 19, 20, 21, 15, 16, 3, 4, 5, 6, 7, 1, 2], [18, 19, 20, 21, 15, 16, 17, 4, 5, 6, 7, 1, 2, 3, 11, 12, 13, 14, 8, 9, 10]];
cc:=[5,18,19];
gen_vectors_as_perm:=[S!perm : perm in gen_vectors];
passport_label:=10;
gen_vect_label:=1;
is_hyperelliptic:=false;
is_cyclic_trigonal:=false;
Append(~data, rec<RecFormat | group:=G, gp_id:=gp_id, signature:=signature, gen_vectors:=gen_vectors_as_perm, conj_classes:=cc, genus:=genus, dimension:=dim, r:=r, g0:=g0, passport_label:= passport_label,gen_vect_label:=gen_vect_label, is_hyperelliptic:=is_hyperelliptic,is_cyclic_trigonal:=is_cyclic_trigonal >);

// Here we add an action to data.
gen_vectors:=[[4, 5, 6, 7, 1, 2, 3, 11, 12, 13, 14, 8, 9, 10, 18, 19, 20, 21, 15, 16, 17], [9, 10, 11, 12, 13, 14, 8, 16, 17, 18, 19, 20, 21, 15, 2, 3, 4, 5, 6, 7, 1], [18, 19, 20, 21, 15, 16, 17, 4, 5, 6, 7, 1, 2, 3, 11, 12, 13, 14, 8, 9, 10]];
cc:=[6,10,19];
gen_vectors_as_perm:=[S!perm : perm in gen_vectors];
passport_label:=11;
gen_vect_label:=1;
is_hyperelliptic:=false;
is_cyclic_trigonal:=false;
Append(~data, rec<RecFormat | group:=G, gp_id:=gp_id, signature:=signature, gen_vectors:=gen_vectors_as_perm, conj_classes:=cc, genus:=genus, dimension:=dim, r:=r, g0:=g0, passport_label:= passport_label,gen_vect_label:=gen_vect_label, is_hyperelliptic:=is_hyperelliptic,is_cyclic_trigonal:=is_cyclic_trigonal >);

// Here we add an action to data.
gen_vectors:=[[4, 5, 6, 7, 1, 2, 3, 11, 12, 13, 14, 8, 9, 10, 18, 19, 20, 21, 15, 16, 17], [17, 18, 19, 20, 21, 15, 16, 3, 4, 5, 6, 7, 1, 2, 10, 11, 12, 13, 14, 8, 9], [10, 11, 12, 13, 14, 8, 9, 17, 18, 19, 20, 21, 15, 16, 3, 4, 5, 6, 7, 1, 2]];
cc:=[6,11,18];
gen_vectors_as_perm:=[S!perm : perm in gen_vectors];
passport_label:=12;
gen_vect_label:=1;
full_auto:=[42,3];
full_sign:=[0,2,14,21];
Append(~data, rec<RecFormat | group:=G, gp_id:=gp_id, signature:=signature, gen_vectors:=gen_vectors_as_perm, conj_classes:=cc, genus:=genus, dimension:=dim, r:=r, g0:=g0, passport_label:= passport_label,gen_vect_label:=gen_vect_label,full_auto:=full_auto, full_sign:=full_sign>);

// Here we add an action to data.
gen_vectors:=[[4, 5, 6, 7, 1, 2, 3, 11, 12, 13, 14, 8, 9, 10, 18, 19, 20, 21, 15, 16, 17], [20, 21, 15, 16, 17, 18, 19, 6, 7, 1, 2, 3, 4, 5, 13, 14, 8, 9, 10, 11, 12], [14, 8, 9, 10, 11, 12, 13, 21, 15, 16, 17, 18, 19, 20, 7, 1, 2, 3, 4, 5, 6]];
cc:=[6,13,17];
gen_vectors_as_perm:=[S!perm : perm in gen_vectors];
passport_label:=13;
gen_vect_label:=1;
is_hyperelliptic:=false;
is_cyclic_trigonal:=false;
Append(~data, rec<RecFormat | group:=G, gp_id:=gp_id, signature:=signature, gen_vectors:=gen_vectors_as_perm, conj_classes:=cc, genus:=genus, dimension:=dim, r:=r, g0:=g0, passport_label:= passport_label,gen_vect_label:=gen_vect_label, is_hyperelliptic:=is_hyperelliptic,is_cyclic_trigonal:=is_cyclic_trigonal >);

// Here we add an action to data.
gen_vectors:=[[4, 5, 6, 7, 1, 2, 3, 11, 12, 13, 14, 8, 9, 10, 18, 19, 20, 21, 15, 16, 17], [16, 17, 18, 19, 20, 21, 15, 2, 3, 4, 5, 6, 7, 1, 9, 10, 11, 12, 13, 14, 8], [11, 12, 13, 14, 8, 9, 10, 18, 19, 20, 21, 15, 16, 17, 4, 5, 6, 7, 1, 2, 3]];
cc:=[6,14,15];
gen_vectors_as_perm:=[S!perm : perm in gen_vectors];
passport_label:=14;
gen_vect_label:=1;
is_hyperelliptic:=false;
is_cyclic_trigonal:=false;
Append(~data, rec<RecFormat | group:=G, gp_id:=gp_id, signature:=signature, gen_vectors:=gen_vectors_as_perm, conj_classes:=cc, genus:=genus, dimension:=dim, r:=r, g0:=g0, passport_label:= passport_label,gen_vect_label:=gen_vect_label, is_hyperelliptic:=is_hyperelliptic,is_cyclic_trigonal:=is_cyclic_trigonal >);

// Here we add an action to data.
gen_vectors:=[[4, 5, 6, 7, 1, 2, 3, 11, 12, 13, 14, 8, 9, 10, 18, 19, 20, 21, 15, 16, 17], [13, 14, 8, 9, 10, 11, 12, 20, 21, 15, 16, 17, 18, 19, 6, 7, 1, 2, 3, 4, 5], [21, 15, 16, 17, 18, 19, 20, 7, 1, 2, 3, 4, 5, 6, 14, 8, 9, 10, 11, 12, 13]];
cc:=[6,20,21];
gen_vectors_as_perm:=[S!perm : perm in gen_vectors];
passport_label:=15;
gen_vect_label:=1;
is_hyperelliptic:=false;
is_cyclic_trigonal:=false;
Append(~data, rec<RecFormat | group:=G, gp_id:=gp_id, signature:=signature, gen_vectors:=gen_vectors_as_perm, conj_classes:=cc, genus:=genus, dimension:=dim, r:=r, g0:=g0, passport_label:= passport_label,gen_vect_label:=gen_vect_label, is_hyperelliptic:=is_hyperelliptic,is_cyclic_trigonal:=is_cyclic_trigonal >);

// Here we add an action to data.
gen_vectors:=[[5, 6, 7, 1, 2, 3, 4, 12, 13, 14, 8, 9, 10, 11, 19, 20, 21, 15, 16, 17, 18], [9, 10, 11, 12, 13, 14, 8, 16, 17, 18, 19, 20, 21, 15, 2, 3, 4, 5, 6, 7, 1], [17, 18, 19, 20, 21, 15, 16, 3, 4, 5, 6, 7, 1, 2, 10, 11, 12, 13, 14, 8, 9]];
cc:=[7,10,11];
gen_vectors_as_perm:=[S!perm : perm in gen_vectors];
passport_label:=16;
gen_vect_label:=1;
is_hyperelliptic:=false;
is_cyclic_trigonal:=false;
Append(~data, rec<RecFormat | group:=G, gp_id:=gp_id, signature:=signature, gen_vectors:=gen_vectors_as_perm, conj_classes:=cc, genus:=genus, dimension:=dim, r:=r, g0:=g0, passport_label:= passport_label,gen_vect_label:=gen_vect_label, is_hyperelliptic:=is_hyperelliptic,is_cyclic_trigonal:=is_cyclic_trigonal >);

// Here we add an action to data.
gen_vectors:=[[5, 6, 7, 1, 2, 3, 4, 12, 13, 14, 8, 9, 10, 11, 19, 20, 21, 15, 16, 17, 18], [12, 13, 14, 8, 9, 10, 11, 19, 20, 21, 15, 16, 17, 18, 5, 6, 7, 1, 2, 3, 4], [21, 15, 16, 17, 18, 19, 20, 7, 1, 2, 3, 4, 5, 6, 14, 8, 9, 10, 11, 12, 13]];
cc:=[7,12,21];
gen_vectors_as_perm:=[S!perm : perm in gen_vectors];
passport_label:=17;
gen_vect_label:=1;
is_hyperelliptic:=false;
is_cyclic_trigonal:=false;
Append(~data, rec<RecFormat | group:=G, gp_id:=gp_id, signature:=signature, gen_vectors:=gen_vectors_as_perm, conj_classes:=cc, genus:=genus, dimension:=dim, r:=r, g0:=g0, passport_label:= passport_label,gen_vect_label:=gen_vect_label, is_hyperelliptic:=is_hyperelliptic,is_cyclic_trigonal:=is_cyclic_trigonal >);

// Here we add an action to data.
gen_vectors:=[[5, 6, 7, 1, 2, 3, 4, 12, 13, 14, 8, 9, 10, 11, 19, 20, 21, 15, 16, 17, 18], [20, 21, 15, 16, 17, 18, 19, 6, 7, 1, 2, 3, 4, 5, 13, 14, 8, 9, 10, 11, 12], [13, 14, 8, 9, 10, 11, 12, 20, 21, 15, 16, 17, 18, 19, 6, 7, 1, 2, 3, 4, 5]];
cc:=[7,13,20];
gen_vectors_as_perm:=[S!perm : perm in gen_vectors];
passport_label:=18;
gen_vect_label:=1;
full_auto:=[42,3];
full_sign:=[0,2,14,21];
Append(~data, rec<RecFormat | group:=G, gp_id:=gp_id, signature:=signature, gen_vectors:=gen_vectors_as_perm, conj_classes:=cc, genus:=genus, dimension:=dim, r:=r, g0:=g0, passport_label:= passport_label,gen_vect_label:=gen_vect_label,full_auto:=full_auto, full_sign:=full_sign>);

// Here we add an action to data.
gen_vectors:=[[5, 6, 7, 1, 2, 3, 4, 12, 13, 14, 8, 9, 10, 11, 19, 20, 21, 15, 16, 17, 18], [16, 17, 18, 19, 20, 21, 15, 2, 3, 4, 5, 6, 7, 1, 9, 10, 11, 12, 13, 14, 8], [10, 11, 12, 13, 14, 8, 9, 17, 18, 19, 20, 21, 15, 16, 3, 4, 5, 6, 7, 1, 2]];
cc:=[7,14,18];
gen_vectors_as_perm:=[S!perm : perm in gen_vectors];
passport_label:=19;
gen_vect_label:=1;
is_hyperelliptic:=false;
is_cyclic_trigonal:=false;
Append(~data, rec<RecFormat | group:=G, gp_id:=gp_id, signature:=signature, gen_vectors:=gen_vectors_as_perm, conj_classes:=cc, genus:=genus, dimension:=dim, r:=r, g0:=g0, passport_label:= passport_label,gen_vect_label:=gen_vect_label, is_hyperelliptic:=is_hyperelliptic,is_cyclic_trigonal:=is_cyclic_trigonal >);

// Here we add an action to data.
gen_vectors:=[[5, 6, 7, 1, 2, 3, 4, 12, 13, 14, 8, 9, 10, 11, 19, 20, 21, 15, 16, 17, 18], [19, 20, 21, 15, 16, 17, 18, 5, 6, 7, 1, 2, 3, 4, 12, 13, 14, 8, 9, 10, 11], [14, 8, 9, 10, 11, 12, 13, 21, 15, 16, 17, 18, 19, 20, 7, 1, 2, 3, 4, 5, 6]];
cc:=[7,16,17];
gen_vectors_as_perm:=[S!perm : perm in gen_vectors];
passport_label:=20;
gen_vect_label:=1;
is_hyperelliptic:=false;
is_cyclic_trigonal:=false;
Append(~data, rec<RecFormat | group:=G, gp_id:=gp_id, signature:=signature, gen_vectors:=gen_vectors_as_perm, conj_classes:=cc, genus:=genus, dimension:=dim, r:=r, g0:=g0, passport_label:= passport_label,gen_vect_label:=gen_vect_label, is_hyperelliptic:=is_hyperelliptic,is_cyclic_trigonal:=is_cyclic_trigonal >);

// Here we add an action to data.
gen_vectors:=[[6, 7, 1, 2, 3, 4, 5, 13, 14, 8, 9, 10, 11, 12, 20, 21, 15, 16, 17, 18, 19], [9, 10, 11, 12, 13, 14, 8, 16, 17, 18, 19, 20, 21, 15, 2, 3, 4, 5, 6, 7, 1], [16, 17, 18, 19, 20, 21, 15, 2, 3, 4, 5, 6, 7, 1, 9, 10, 11, 12, 13, 14, 8]];
cc:=[8,10,14];
gen_vectors_as_perm:=[S!perm : perm in gen_vectors];
passport_label:=21;
gen_vect_label:=1;
full_auto:=[42,3];
full_sign:=[0,2,14,21];
Append(~data, rec<RecFormat | group:=G, gp_id:=gp_id, signature:=signature, gen_vectors:=gen_vectors_as_perm, conj_classes:=cc, genus:=genus, dimension:=dim, r:=r, g0:=g0, passport_label:= passport_label,gen_vect_label:=gen_vect_label,full_auto:=full_auto, full_sign:=full_sign>);

// Here we add an action to data.
gen_vectors:=[[6, 7, 1, 2, 3, 4, 5, 13, 14, 8, 9, 10, 11, 12, 20, 21, 15, 16, 17, 18, 19], [12, 13, 14, 8, 9, 10, 11, 19, 20, 21, 15, 16, 17, 18, 5, 6, 7, 1, 2, 3, 4], [20, 21, 15, 16, 17, 18, 19, 6, 7, 1, 2, 3, 4, 5, 13, 14, 8, 9, 10, 11, 12]];
cc:=[8,12,13];
gen_vectors_as_perm:=[S!perm : perm in gen_vectors];
passport_label:=22;
gen_vect_label:=1;
is_hyperelliptic:=false;
is_cyclic_trigonal:=false;
Append(~data, rec<RecFormat | group:=G, gp_id:=gp_id, signature:=signature, gen_vectors:=gen_vectors_as_perm, conj_classes:=cc, genus:=genus, dimension:=dim, r:=r, g0:=g0, passport_label:= passport_label,gen_vect_label:=gen_vect_label, is_hyperelliptic:=is_hyperelliptic,is_cyclic_trigonal:=is_cyclic_trigonal >);

// Here we add an action to data.
gen_vectors:=[[6, 7, 1, 2, 3, 4, 5, 13, 14, 8, 9, 10, 11, 12, 20, 21, 15, 16, 17, 18, 19], [11, 12, 13, 14, 8, 9, 10, 18, 19, 20, 21, 15, 16, 17, 4, 5, 6, 7, 1, 2, 3], [21, 15, 16, 17, 18, 19, 20, 7, 1, 2, 3, 4, 5, 6, 14, 8, 9, 10, 11, 12, 13]];
cc:=[8,15,21];
gen_vectors_as_perm:=[S!perm : perm in gen_vectors];
passport_label:=23;
gen_vect_label:=1;
is_hyperelliptic:=false;
is_cyclic_trigonal:=false;
Append(~data, rec<RecFormat | group:=G, gp_id:=gp_id, signature:=signature, gen_vectors:=gen_vectors_as_perm, conj_classes:=cc, genus:=genus, dimension:=dim, r:=r, g0:=g0, passport_label:= passport_label,gen_vect_label:=gen_vect_label, is_hyperelliptic:=is_hyperelliptic,is_cyclic_trigonal:=is_cyclic_trigonal >);

// Here we add an action to data.
gen_vectors:=[[6, 7, 1, 2, 3, 4, 5, 13, 14, 8, 9, 10, 11, 12, 20, 21, 15, 16, 17, 18, 19], [19, 20, 21, 15, 16, 17, 18, 5, 6, 7, 1, 2, 3, 4, 12, 13, 14, 8, 9, 10, 11], [13, 14, 8, 9, 10, 11, 12, 20, 21, 15, 16, 17, 18, 19, 6, 7, 1, 2, 3, 4, 5]];
cc:=[8,16,20];
gen_vectors_as_perm:=[S!perm : perm in gen_vectors];
passport_label:=24;
gen_vect_label:=1;
is_hyperelliptic:=false;
is_cyclic_trigonal:=false;
Append(~data, rec<RecFormat | group:=G, gp_id:=gp_id, signature:=signature, gen_vectors:=gen_vectors_as_perm, conj_classes:=cc, genus:=genus, dimension:=dim, r:=r, g0:=g0, passport_label:= passport_label,gen_vect_label:=gen_vect_label, is_hyperelliptic:=is_hyperelliptic,is_cyclic_trigonal:=is_cyclic_trigonal >);

// Here we add an action to data.
gen_vectors:=[[6, 7, 1, 2, 3, 4, 5, 13, 14, 8, 9, 10, 11, 12, 20, 21, 15, 16, 17, 18, 19], [14, 8, 9, 10, 11, 12, 13, 21, 15, 16, 17, 18, 19, 20, 7, 1, 2, 3, 4, 5, 6], [18, 19, 20, 21, 15, 16, 17, 4, 5, 6, 7, 1, 2, 3, 11, 12, 13, 14, 8, 9, 10]];
cc:=[8,17,19];
gen_vectors_as_perm:=[S!perm : perm in gen_vectors];
passport_label:=25;
gen_vect_label:=1;
is_hyperelliptic:=false;
is_cyclic_trigonal:=false;
Append(~data, rec<RecFormat | group:=G, gp_id:=gp_id, signature:=signature, gen_vectors:=gen_vectors_as_perm, conj_classes:=cc, genus:=genus, dimension:=dim, r:=r, g0:=g0, passport_label:= passport_label,gen_vect_label:=gen_vect_label, is_hyperelliptic:=is_hyperelliptic,is_cyclic_trigonal:=is_cyclic_trigonal >);

// Here we add an action to data.
gen_vectors:=[[7, 1, 2, 3, 4, 5, 6, 14, 8, 9, 10, 11, 12, 13, 21, 15, 16, 17, 18, 19, 20], [17, 18, 19, 20, 21, 15, 16, 3, 4, 5, 6, 7, 1, 2, 10, 11, 12, 13, 14, 8, 9], [14, 8, 9, 10, 11, 12, 13, 21, 15, 16, 17, 18, 19, 20, 7, 1, 2, 3, 4, 5, 6]];
cc:=[9,11,17];
gen_vectors_as_perm:=[S!perm : perm in gen_vectors];
passport_label:=26;
gen_vect_label:=1;
is_hyperelliptic:=false;
is_cyclic_trigonal:=false;
Append(~data, rec<RecFormat | group:=G, gp_id:=gp_id, signature:=signature, gen_vectors:=gen_vectors_as_perm, conj_classes:=cc, genus:=genus, dimension:=dim, r:=r, g0:=g0, passport_label:= passport_label,gen_vect_label:=gen_vect_label, is_hyperelliptic:=is_hyperelliptic,is_cyclic_trigonal:=is_cyclic_trigonal >);

// Here we add an action to data.
gen_vectors:=[[7, 1, 2, 3, 4, 5, 6, 14, 8, 9, 10, 11, 12, 13, 21, 15, 16, 17, 18, 19, 20], [12, 13, 14, 8, 9, 10, 11, 19, 20, 21, 15, 16, 17, 18, 5, 6, 7, 1, 2, 3, 4], [19, 20, 21, 15, 16, 17, 18, 5, 6, 7, 1, 2, 3, 4, 12, 13, 14, 8, 9, 10, 11]];
cc:=[9,12,16];
gen_vectors_as_perm:=[S!perm : perm in gen_vectors];
passport_label:=27;
gen_vect_label:=1;
full_auto:=[42,3];
full_sign:=[0,2,14,21];
Append(~data, rec<RecFormat | group:=G, gp_id:=gp_id, signature:=signature, gen_vectors:=gen_vectors_as_perm, conj_classes:=cc, genus:=genus, dimension:=dim, r:=r, g0:=g0, passport_label:= passport_label,gen_vect_label:=gen_vect_label,full_auto:=full_auto, full_sign:=full_sign>);

// Here we add an action to data.
gen_vectors:=[[7, 1, 2, 3, 4, 5, 6, 14, 8, 9, 10, 11, 12, 13, 21, 15, 16, 17, 18, 19, 20], [20, 21, 15, 16, 17, 18, 19, 6, 7, 1, 2, 3, 4, 5, 13, 14, 8, 9, 10, 11, 12], [11, 12, 13, 14, 8, 9, 10, 18, 19, 20, 21, 15, 16, 17, 4, 5, 6, 7, 1, 2, 3]];
cc:=[9,13,15];
gen_vectors_as_perm:=[S!perm : perm in gen_vectors];
passport_label:=28;
gen_vect_label:=1;
is_hyperelliptic:=false;
is_cyclic_trigonal:=false;
Append(~data, rec<RecFormat | group:=G, gp_id:=gp_id, signature:=signature, gen_vectors:=gen_vectors_as_perm, conj_classes:=cc, genus:=genus, dimension:=dim, r:=r, g0:=g0, passport_label:= passport_label,gen_vect_label:=gen_vect_label, is_hyperelliptic:=is_hyperelliptic,is_cyclic_trigonal:=is_cyclic_trigonal >);

// Here we add an action to data.
gen_vectors:=[[7, 1, 2, 3, 4, 5, 6, 14, 8, 9, 10, 11, 12, 13, 21, 15, 16, 17, 18, 19, 20], [10, 11, 12, 13, 14, 8, 9, 17, 18, 19, 20, 21, 15, 16, 3, 4, 5, 6, 7, 1, 2], [21, 15, 16, 17, 18, 19, 20, 7, 1, 2, 3, 4, 5, 6, 14, 8, 9, 10, 11, 12, 13]];
cc:=[9,18,21];
gen_vectors_as_perm:=[S!perm : perm in gen_vectors];
passport_label:=29;
gen_vect_label:=1;
is_hyperelliptic:=false;
is_cyclic_trigonal:=false;
Append(~data, rec<RecFormat | group:=G, gp_id:=gp_id, signature:=signature, gen_vectors:=gen_vectors_as_perm, conj_classes:=cc, genus:=genus, dimension:=dim, r:=r, g0:=g0, passport_label:= passport_label,gen_vect_label:=gen_vect_label, is_hyperelliptic:=is_hyperelliptic,is_cyclic_trigonal:=is_cyclic_trigonal >);

// Here we add an action to data.
gen_vectors:=[[7, 1, 2, 3, 4, 5, 6, 14, 8, 9, 10, 11, 12, 13, 21, 15, 16, 17, 18, 19, 20], [18, 19, 20, 21, 15, 16, 17, 4, 5, 6, 7, 1, 2, 3, 11, 12, 13, 14, 8, 9, 10], [13, 14, 8, 9, 10, 11, 12, 20, 21, 15, 16, 17, 18, 19, 6, 7, 1, 2, 3, 4, 5]];
cc:=[9,19,20];
gen_vectors_as_perm:=[S!perm : perm in gen_vectors];
passport_label:=30;
gen_vect_label:=1;
is_hyperelliptic:=false;
is_cyclic_trigonal:=false;
Append(~data, rec<RecFormat | group:=G, gp_id:=gp_id, signature:=signature, gen_vectors:=gen_vectors_as_perm, conj_classes:=cc, genus:=genus, dimension:=dim, r:=r, g0:=g0, passport_label:= passport_label,gen_vect_label:=gen_vect_label, is_hyperelliptic:=is_hyperelliptic,is_cyclic_trigonal:=is_cyclic_trigonal >);

// label = 9.27-1.0.3-27-27
// Create group as a permutation group and initialize signature information.
gp_id:=[27,1];
H:=SmallGroup(gp_id[1],gp_id[2]); n:=#H; LP:=[]; LG:=[g : g in H]; for i in [1..n] do x:=LG[i]; Tx:=[LG[j]*x : j in [1..n]]; permL:=[]; for j in [1..n] do for k in [1..n] do if Tx[j] eq LG[k] then permL[j]:=k;  break; end if; end for; end for; Append(~LP,permL); end for; G:=PermutationGroup<n|LP>; 
signature:=[0,3,27,27];
genus:=9;
r:=#signature-1;
g0:=signature[1];
dim:=3*g0-3+r;
S:=Sym(gp_id[1]);

// Here we add an action to data.
gen_vectors:=[[2, 3, 1, 5, 6, 4, 8, 9, 7, 11, 12, 10, 14, 15, 13, 17, 18, 16, 20, 21, 19, 23, 24, 22, 26, 27, 25], [10, 11, 12, 13, 14, 15, 16, 17, 18, 19, 20, 21, 22, 23, 24, 25, 26, 27, 4, 5, 6, 7, 8, 9, 2, 3, 1], [26, 27, 25, 21, 19, 20, 24, 22, 23, 3, 1, 2, 6, 4, 5, 9, 7, 8, 12, 10, 11, 15, 13, 14, 18, 16, 17]];
cc:=[2,10,21];
gen_vectors_as_perm:=[S!perm : perm in gen_vectors];
passport_label:=1;
gen_vect_label:=1;
is_hyperelliptic:=false;
is_cyclic_trigonal:=true;
cyc_auto:=S![2, 3, 1, 5, 6, 4, 8, 9, 7, 11, 12, 10, 14, 15, 13, 17, 18, 16, 20, 21, 19, 23, 24, 22, 26, 27, 25];
Append(~data, rec<RecFormat | group:=G, gp_id:=gp_id, signature:=signature, gen_vectors:=gen_vectors_as_perm, conj_classes:=cc, genus:=genus, dimension:=dim, r:=r, g0:=g0, passport_label:= passport_label,gen_vect_label:=gen_vect_label, is_hyperelliptic:=is_hyperelliptic, is_cyclic_trigonal:=is_cyclic_trigonal, cyc_auto:=cyc_auto >);

// Here we add an action to data.
gen_vectors:=[[2, 3, 1, 5, 6, 4, 8, 9, 7, 11, 12, 10, 14, 15, 13, 17, 18, 16, 20, 21, 19, 23, 24, 22, 26, 27, 25], [19, 20, 21, 22, 23, 24, 25, 26, 27, 4, 5, 6, 7, 8, 9, 2, 3, 1, 13, 14, 15, 16, 17, 18, 11, 12, 10], [17, 18, 16, 12, 10, 11, 15, 13, 14, 26, 27, 25, 21, 19, 20, 24, 22, 23, 3, 1, 2, 6, 4, 5, 9, 7, 8]];
cc:=[2,11,20];
gen_vectors_as_perm:=[S!perm : perm in gen_vectors];
passport_label:=2;
gen_vect_label:=1;
is_hyperelliptic:=false;
is_cyclic_trigonal:=true;
cyc_auto:=S![2, 3, 1, 5, 6, 4, 8, 9, 7, 11, 12, 10, 14, 15, 13, 17, 18, 16, 20, 21, 19, 23, 24, 22, 26, 27, 25];
Append(~data, rec<RecFormat | group:=G, gp_id:=gp_id, signature:=signature, gen_vectors:=gen_vectors_as_perm, conj_classes:=cc, genus:=genus, dimension:=dim, r:=r, g0:=g0, passport_label:= passport_label,gen_vect_label:=gen_vect_label, is_hyperelliptic:=is_hyperelliptic, is_cyclic_trigonal:=is_cyclic_trigonal, cyc_auto:=cyc_auto >);

// Here we add an action to data.
gen_vectors:=[[2, 3, 1, 5, 6, 4, 8, 9, 7, 11, 12, 10, 14, 15, 13, 17, 18, 16, 20, 21, 19, 23, 24, 22, 26, 27, 25], [13, 14, 15, 16, 17, 18, 11, 12, 10, 22, 23, 24, 25, 26, 27, 20, 21, 19, 7, 8, 9, 2, 3, 1, 5, 6, 4], [23, 24, 22, 26, 27, 25, 21, 19, 20, 8, 9, 7, 3, 1, 2, 6, 4, 5, 17, 18, 16, 12, 10, 11, 15, 13, 14]];
cc:=[2,12,19];
gen_vectors_as_perm:=[S!perm : perm in gen_vectors];
passport_label:=3;
gen_vect_label:=1;
is_hyperelliptic:=false;
is_cyclic_trigonal:=true;
cyc_auto:=S![2, 3, 1, 5, 6, 4, 8, 9, 7, 11, 12, 10, 14, 15, 13, 17, 18, 16, 20, 21, 19, 23, 24, 22, 26, 27, 25];
Append(~data, rec<RecFormat | group:=G, gp_id:=gp_id, signature:=signature, gen_vectors:=gen_vectors_as_perm, conj_classes:=cc, genus:=genus, dimension:=dim, r:=r, g0:=g0, passport_label:= passport_label,gen_vect_label:=gen_vect_label, is_hyperelliptic:=is_hyperelliptic, is_cyclic_trigonal:=is_cyclic_trigonal, cyc_auto:=cyc_auto >);

// Here we add an action to data.
gen_vectors:=[[2, 3, 1, 5, 6, 4, 8, 9, 7, 11, 12, 10, 14, 15, 13, 17, 18, 16, 20, 21, 19, 23, 24, 22, 26, 27, 25], [22, 23, 24, 25, 26, 27, 20, 21, 19, 7, 8, 9, 2, 3, 1, 5, 6, 4, 16, 17, 18, 11, 12, 10, 14, 15, 13], [14, 15, 13, 17, 18, 16, 12, 10, 11, 23, 24, 22, 26, 27, 25, 21, 19, 20, 8, 9, 7, 3, 1, 2, 6, 4, 5]];
cc:=[2,13,18];
gen_vectors_as_perm:=[S!perm : perm in gen_vectors];
passport_label:=4;
gen_vect_label:=1;
is_hyperelliptic:=false;
is_cyclic_trigonal:=true;
cyc_auto:=S![2, 3, 1, 5, 6, 4, 8, 9, 7, 11, 12, 10, 14, 15, 13, 17, 18, 16, 20, 21, 19, 23, 24, 22, 26, 27, 25];
